,Time,BIS,TOL,MAP,CO,u_propo,u_remi,u_nore,x_propo_1,x_propo_2,x_propo_3,x_propo_4,x_propo_5,x_propo_6,x_remi_1,x_remi_2,x_remi_3,x_remi_4,x_remi_5,x_nore,blood_volume
0,1,97.43028416005636,4.276197977517757e-30,76.48440688917866,6.4585151883961185,1.3888888888888888,1.3888888888888888,0,0.445682071611856,0.0003781900685748947,2.5024556595080172e-05,0.0008029261973555221,0.00016605291788868154,0.00010996016390151959,0.2729037220095793,0.0004579655515176922,4.914267106051852e-05,0.0009137181965087235,0.002144503467749025,0.0,3.0953816264123866
1,2,97.50915549764404,1.0268414313941814e-25,75.89954524683576,6.329695994416383,1.3888888888888888,1.3888888888888888,0,0.8853910904457745,0.0015051405268735015,9.964672713632538e-05,0.0031934947391883467,0.0006610760661910269,0.0004378010363190213,0.5420764294976457,0.0018214604532638147,0.00019565008938824871,0.0036300677750001134,0.008494141778608827,0.0,3.0953816264123866
2,3,97.53558632421344,3.709275319125775e-23,73.07751523063902,6.616389293473978,1.3888888888888888,1.3888888888888888,0,1.319211773609141,0.0033695442982141057,0.0002231964693783439,0.0071446934771781595,0.0014804160984324653,0.0009804957330338938,0.8075731252080565,0.004075059949239546,0.00043815662385463243,0.008112304138715307,0.018925232176589632,0.0,3.0953816264123866
3,4,97.52832002888032,2.4125783985133908e-21,73.77488343307914,6.43405855293441,1.3888888888888888,1.3888888888888888,0,1.7472276326128857,0.0059602558366171204,0.0003950132404605333,0.012629909522361612,0.002619485656760377,0.0017350602685945612,1.0694479920244229,0.007203573606361275,0.0007753167488373786,0.014324292221283248,0.033316879960861176,0.0,3.0953816264123866
4,5,97.45921963102165,6.153388866501086e-20,72.63783484729377,6.504632935521941,1.3888888888888888,1.3888888888888888,0,2.169520990531777,0.009266288827037047,0.0006144458617269847,0.01962292350997165,0.004073762433044064,0.0026985529459182824,1.3277544052098755,0.011192041806980201,0.0012058047446250626,0.022230496988669916,0.051550922157027765,0.0,3.0953816264123866
5,6,97.25012580682913,8.706798812144782e-19,69.10299758265703,6.532166273528461,1.3888888888888888,1.3888888888888888,0,2.586172998920458,0.013276813918329971,0.0008808523854705175,0.028097903946097697,0.005838788243338619,0.0038680737545811667,1.5825449444640625,0.016025732293796315,0.0017283144022942035,0.03179597408558283,0.07351187225932346,0.0,3.0953816264123866
6,7,97.19720734758948,8.225138166273012e-18,82.31660006885144,6.546871733954946,1.3888888888888888,1.3888888888888888,0,2.997263654488696,0.017981156488490628,0.0011935999635734574,0.03802940163500146,0.007910168115522472,0.005240763777672739,1.8338714058001055,0.021690136766384323,0.002341558732992033,0.04298636062415624,0.09908686602414213,0.0,3.0953816264123866
7,8,97.20271400568075,5.794370297411487e-17,77.27547028901377,6.310156421202064,1.3888888888888888,1.3888888888888888,0,3.4028718155392785,0.023368794441699713,0.0015520647180181585,0.04939234418593952,0.010283569389921088,0.006813804607093149,2.0817848132442087,0.028170967528560777,0.003044269681559172,0.055767866112775004,0.12816560829566584,0.0,3.0953816264123866
8,9,97.13172565745303,3.269206261445921e-16,76.60876414915343,6.3321019363293845,1.3888888888888888,1.3888888888888888,0,3.8030752181719296,0.029429356036728655,0.001955631613240658,0.06216203059836046,0.012954720832731987,0.008584417767172836,2.3263354303605612,0.03545415418583314,0.0038351978444274063,0.07010726352292725,0.16064032084469748,0.0,3.0953816264123866
9,10,97.04730262254789,1.5509934225245592e-15,78.12725569405467,6.5901643814792585,1.3888888888888888,1.3888888888888888,0,4.197950492256577,0.03615261774625549,0.0024036943303012235,0.07631412592436018,0.015919411762068868,0.010549864146496215,2.5675727716041488,0.043525840392182914,0.0047131121917287295,0.08597188049200757,0.19640569120214033,0.0,3.0953816264123866
10,11,97.00359032311879,6.405990985009545e-15,74.09576342748687,6.315352042026076,1.3888888888888888,1.3888888888888888,0,4.587573177179261,0.043528502146651854,0.002895655142845936,0.09182465600729518,0.019173491186445187,0.012707443437812582,2.805545613504041,0.052372380645446054,0.005676799793552764,0.1033295906600236,0.23535882246889772,0.0,3.0953816264123866
11,12,97.02710875379296,2.3631013987261218e-14,78.1853789936713,6.47459441912537,1.3888888888888888,1.3888888888888888,0,4.972017737363908,0.05154707583780739,0.0034309247948338113,0.10867000229546882,0.022712866955520192,0.015054493585919131,3.040302005679683,0.06198033713056498,0.0067250655502906235,0.1221488051381895,0.27739918408429126,0.0,3.0953816264123866
12,13,97.15307418630518,7.93796656265537e-14,76.84181683753252,6.329941378366597,1.3888888888888888,1.3888888888888888,0,5.35135757757317,0.06019854739256395,0.004008922380004332,0.12682689672982178,0.026533504922932796,0.01758839024340262,3.2718892816926948,0.07233647660999726,0.007856731927004187,0.14239846410742021,0.3224285635354148,0.0,3.0953816264123866
13,14,97.27850015318268,2.464763324382612e-13,70.6259767018949,6.3873892377579775,1.3888888888888888,1.3888888888888888,0,5.7256650579914705,0.06947326533533821,0.004629075223060612,0.14627241670457222,0.03063142812105127,0.020306546234127816,3.500354069736621,0.08342776736057668,0.009070638691760682,0.16404802854477,0.3703510189901558,0.0,3.0953816264123866
14,15,97.40290925393172,7.158258451348664e-13,72.1462056184511,6.33996644982702,1.3888888888888888,1.3888888888888888,0,6.095011509093361,0.07936171614951713,0.005290818762543788,0.1669839800997668,0.03500271594746915,0.023206411024362442,3.7257423031670633,0.09524137615613322,0.010365642657873368,0.18706747207588784,0.4210728328369227,0.0,3.0953816264123866
15,16,97.57054620889126,1.962934451257997e-12,71.42106315816184,6.529723658257371,1.3888888888888888,1.3888888888888888,0,6.459467246300232,0.08985452231321683,0.005993596435374532,0.18893934038471863,0.03964350336308015,0.026285470201429944,3.9480992308745724,0.10776466529518827,0.011740617429989992,0.21142727295159242,0.4745024661144216,0.0,3.0953816264123866
16,17,97.66645158559217,5.121423519726636e-12,71.34519670250135,6.489893330593003,1.3888888888888888,1.3888888888888888,0,6.819101584428408,0.10094244036300101,0.006736859563038001,0.2121165817913218,0.044549980101567264,0.029541244959782925,4.167469427502648,0.12098518967305216,0.013194453153971556,0.2370984061466955,0.530550513815121,0.0,3.0953816264123866
17,18,97.58550365736178,1.279320820647508e-11,81.62664044363488,6.626106075897776,1.3888888888888888,1.3888888888888888,0,7.173982851931584,0.11261635898516102,0.007520067239388792,0.23649411455624805,0.049718389890143544,0.0329712915943916,4.383896803513161,0.1348906938976609,0.014726056270504807,0.26405233557923313,0.5891296610463369,0.0,3.0953816264123866
18,19,97.30041726581872,3.075505310776784e-11,69.2817723188037,6.2570165897099415,1.3888888888888888,1.3888888888888888,0,7.524178404940534,0.12486729713416533,0.008342686220052858,0.2620506702310436,0.05514502968138455,0.036573201001343175,4.597424615101478,0.14946910944849884,0.016334349272392686,0.29226100644828995,0.6501546400331579,0.0,3.0953816264123866
19,20,97.01760290619731,7.146114474199632e-11,74.437130331441,6.162808933695238,1.3888888888888888,1.3888888888888888,0,7.869754641102979,0.13768640217789146,0.00920419081340366,0.28876529705916004,0.060826248895994375,0.04034459818554951,4.80809547396353,0.1647085518779639,0.01801827046546783,0.3216968376886299,0.7135421879477108,0.0,3.0953816264123866
20,21,96.63077787877714,1.6106670009821392e-10,63.132173857640275,6.3758852777371136,1.3888888888888888,1.3888888888888888,0,8.210777013226457,0.15106494806925935,0.010104062773090136,0.31661735541896474,0.0667584486763498,0.044283141775461846,5.015951356917032,0.18059731805454157,0.019776773733075015,0.35233271454037274,0.7792110055495464,0.0,3.0953816264123866
21,22,96.112934748294,3.532191206016371e-10,73.08954340968334,6.276480688025967,1.3888888888888888,1.3888888888888888,0,8.547310042726998,0.16499433354389037,0.011041791192094405,0.3455865133317918,0.07293808115066902,0.048386523544692916,5.221033615379045,0.19712388344716314,0.021608828304069246,0.3841419812319838,0.847081716622195,0.0,3.0953816264123866
22,23,95.52209042298155,7.55622244995222e-10,79.07484353555172,6.206697962614533,1.3888888888888888,1.3888888888888888,0,8.879417332886375,0.17946608034342124,0.012016872398297433,0.3756527420341071,0.0793616487076539,0.05265246794044807,5.423382984702011,0.21427689945013337,0.023513418524277036,0.4170984337748672,0.9170768281912124,0.0,3.0953816264123866
23,24,94.87195431790782,1.5803060206115158e-09,71.56838854182486,6.28955271902284,1.3888888888888888,1.3888888888888888,0,9.207161581920639,0.19447183146410815,0.013028809851531181,0.4067963116128737,0.08602570328145642,0.05707873161866852,5.62303959337038,0.23204519074802157,0.025489543631369082,0.4511763128678827,0.9891206915092947,0.0,3.0953816264123866
24,25,94.07200706086411,3.237204497334007e-09,70.64789535050424,6.309216458975133,1.3888888888888888,1.3888888888888888,0,9.530604595862659,0.21000334943036061,0.014077114042096108,0.43899778670321765,0.09292684564682258,0.06166310298579118,5.820042972059914,0.2504177527199194,0.027536217533093488,0.48635029691012704,1.0631394637943052,0.0,3.0953816264123866
25,26,93.16339588242573,6.50569490886673e-09,68.22221069682706,6.1553774698078,1.3888888888888888,1.3888888888888888,0,9.84980730126126,0.22605251459285056,0.015161302390723132,0.4722380222475071,0.10006172472426875,0.06640340174703088,6.014432062561715,0.26938374888247735,0.02965246858881929,0.5225954951203498,1.1390610707063042,0.0,3.0953816264123866
26,27,92.33887015413515,1.284453074838496e-08,70.48728233827572,6.165581520781377,1.3888888888888888,1.3888888888888888,0,10.164829757699625,0.24261132345084663,0.016280899149959522,0.5064981593149696,0.10742703689514789,0.07129747846109212,6.206245226572992,0.288932508371141,0.031837339394340886,0.5598874407613939,1.2168151695499254,0.0,3.0953816264123866
27,28,91.6457118378938,2.4944207488698436e-08,70.82306301939805,6.214808858286362,1.3888888888888888,1.3888888888888888,0,10.475731170135502,0.2596718869984291,0.017435435306958437,0.5417596209809847,0.11501952532646445,0.07634321410121886,6.395520254356574,0.30905352345901627,0.03408988656989468,0.5982020844680798,1.2963331131886873,0.0,3.0953816264123866
28,29,91.2406217964727,4.769866424645556e-08,71.376789091892,6.0202656922527344,1.3888888888888888,1.3888888888888888,0,10.782569901065756,0.27722642909424516,0.01862444848765214,0.5780041082652035,0.12283597930529967,0.0815385196224922,6.582294373271105,0.3297364471128021,0.036409180551339924,0.6375157876769709,1.3775479146580674,0.0,3.0953816264123866
29,30,90.89654124787165,8.989355969766262e-08,64.25861008571854,6.10399227189559,1.3888888888888888,1.3888888888888888,0,11.085403482517775,0.29526728485446996,0.019847482862289146,0.6152135961276551,0.13087323358271014,0.08688133553528686,6.766604256173873,0.35097109058523673,0.03879430538445663,0.6778053161564865,1.4603942124644047,0.0,3.0953816264123866
30,31,90.46448694357595,1.6710484949121772e-07,70.05102940345199,6.0676362817918,1.3888888888888888,1.3888888888888888,0,11.38428862787019,0.31378689906864243,0.021104089052315998,0.6533703295220156,0.13912816772696487,0.0923696314847989,6.948486029698168,0.3727474210435125,0.04124435852231382,0.7190478336358466,1.5448082365569256,0.0,3.0953816264123866
31,32,90.03268541176601,3.0661872119129217e-07,75.95481500340591,6.1282479727623285,1.3888888888888888,1.3888888888888888,0,11.67928124350533,0.332777824638051,0.02239382403858442,0.6924568195052245,0.14759770548598816,0.0980014058365583,7.127975282407032,0.3950555592331214,0.04375845062566249,0.7612208955313587,1.6307277749604214,0.0,3.0953816264123866
32,33,89.64019832036865,5.556909893238877e-07,75.70786513194426,5.847415870053882,1.3888888888888888,1.3888888888888888,0,11.970436440295833,0.3522327210363478,0.023716251070865016,0.732455839402646,0.15627881415887668,0.10377468526784106,7.305107072825263,0.4178857771766037,0.04633570536630793,0.8043024427685806,1.7180921410563257,0.0,3.0953816264123866
33,34,89.16510618723441,9.952658864824636e-07,74.87670372401207,5.92670527850608,1.3888888888888888,1.3888888888888888,0,12.257808544927734,0.37214435279207503,0.025070939578648952,0.773350421027984,0.16516850397636243,0.10968752436489707,7.479915937351484,0.4412284959066763,0.04897525923341703,0.8482707956989084,1.8068421415001596,0.0,3.0953816264123866
34,35,88.5713858316956,1.7625294630825443e-06,61.78750790804061,5.945686424374811,1.3888888888888888,1.3888888888888888,0,12.541451111062395,0.39250558799279167,0.026457465083219264,0.8151238509571715,0.17426382749009334,0.11573800522591068,7.652435898052066,0.4650742832332296,0.051676261342716676,0.8931046481091693,1.896920044763534,0.0,3.0953816264123866
35,36,87.8202491295039,3.087618728710233e-06,74.57524270442258,6.159520122784544,1.3888888888888888,1.3888888888888888,0,12.821416930339552,0.4133093968104929,0.027875409110973696,0.8577596668554638,0.18356187897060675,0.12192423706961272,7.822700470338674,0.4894138515436852,0.054437873248540145,0.9387830613228141,1.9882695502891046,0.0,3.0953816264123866
36,37,86.91587958450629,5.3527953992400955e-06,69.88550978160251,6.145693592046289,1.3888888888888888,1.3888888888888888,0,13.097758043223743,0.43454885004801935,0.02932435910798128,0.9012416538569793,0.19305979381387156,0.12824435584946312,7.990742670531167,0.5142380556362178,0.05725926875867889,0.985285458391327,2.080835758247091,0.0,3.0953816264123866
37,38,85.91247760495533,9.186937509489467e-06,77.16831442867246,5.8067711290239235,1.3888888888888888,1.3888888888888888,0,13.370525749696343,0.45621711770615747,0.030803908355755128,0.945553840995941,0.20275474795627726,0.13469652387332526,8.156595023307567,0.5395378905853492,0.06013963375199788,1.0325916183744928,2.1745651398821653,0.0,3.0953816264123866
38,39,84.81305492273503,1.5615050692017524e-05,70.52709439255752,5.806000760195436,1.3888888888888888,1.3888888888888888,0,13.639770619795419,0.47830746757113607,0.03231365588822402,0.9906804976888791,0.21264395729794972,0.14127892942855352,8.320289569042796,0.5653044896394315,0.06307816599877317,1.0806816707081786,2.269405508439735,0.0,3.0953816264123866
39,40,83.60056046288086,2.6292727961087947e-05,69.93184982785391,5.817335973220004,1.3888888888888888,1.3888888888888888,0,13.90554250400555,0.5008132638222291,0.03385320640988587,1.0366061302670733,0.22272467713427482,0.14798978641241728,8.481857871037816,0.5915291221495441,0.0660740749837112,1.1295360896583115,2.3653059906608216,0.0,3.0953816264123866
40,41,82.40980041286855,4.3737332229150533e-05,71.44153541307354,5.9024105192142775,1.3888888888888888,0.1729085940989677,0,14.167890543499766,0.5237279656591786,0.03542217021512613,1.0833154785585157,0.2329942015955137,0.1548273339677851,8.402402227837126,0.6178022400271701,0.06908355703746663,1.1783357232679479,2.4603394735845456,0.0,3.0953816264123866
41,42,81.24286739915735,7.169756876200704e-05,71.18267690102273,5.733974895321464,1.3888888888888888,0.1729085940989677,0,14.426863180235685,0.5470451259491549,0.03702016310868457,1.1307935125186896,0.24344986309439381,0.16178983612399456,8.324148589553912,0.6437235340317222,0.07206362584519346,1.2262834705028898,2.552653532903393,0.0,3.0953816264123866
42,43,80.1094476254576,0.00011589586278318355,66.3229649592441,5.820287486650724,1.3888888888888888,0.1729085940989677,0,14.682508166907976,0.5707583898929774,0.03864680632725419,1.1790254289094693,0.2540890317815627,0.1688755814428335,8.247078975348776,0.6692981741665036,0.07501472061721416,1.2733929777936832,2.6423093553145,0.0,3.0953816264123866
43,44,79.01891228396653,0.0001848427139164648,65.39633037741613,5.626768474630466,1.3888888888888888,0.1729085940989677,0,14.93487257675912,0.5948614937103203,0.04030172646219594,1.2279966480254556,0.26490911500879255,0.17608288266956046,8.171175672953899,0.6945312534069082,0.07793727399389512,1.3196776814056599,2.729366891508625,0.0,3.0953816264123866
44,45,78.01018318699138,0.0002910388990293763,67.02252368100599,5.982238128980065,1.3888888888888888,0.1729085940989677,0,15.184002813250547,0.6193482633436331,0.04198455538335362,1.2776928104670704,0.2759075567998247,0.18341007638889212,8.096421234662346,0.719427788850303,0.08083171214378278,1.3651508106203583,2.813884879669026,0.0,3.0953816264123866
45,46,77.01804155491222,0.0004526279129594641,73.82431335976715,5.726736754343297,1.3888888888888888,0.1729085940989677,0,15.429944619596105,0.6442126131805118,0.043694930163953115,1.3280997739597442,0.2870818373287461,0.19085552268588718,8.022798473377275,0.7439927228487402,0.08369845486027415,1.4098253908691452,2.8959208685405833,0.0,3.0953816264123866
46,47,76.14207072869827,0.0006956394113994321,78.48242338572973,5.917577640181637,1.3888888888888888,0.1729085940989677,0,15.672743088159834,0.6694485447942549,0.04543249300657057,1.3792036102185408,0.29842947240579004,0.1984176048116572,7.950290458720129,0.7682309241247558,0.08653791565684371,1.45371424681976,2.975531240076816,0.0,3.0953816264123866
47,48,75.41417061806115,0.0010569967027338738,67.72715616773965,5.790658573271732,1.3888888888888888,0.1729085940989677,0,15.91244266971997,0.6950501457023468,0.047196891170154354,1.4309906018575702,0.30994801297045543,0.20609472885383534,7.8788805131969575,0.7921471888705066,0.08935050186084827,1.4968300054164816,3.0527712316723075,0.0,3.0953816264123866
48,49,74.78738201355456,0.0015884948577061077,68.52219218120044,5.847253953715111,1.3888888888888888,0.1729085940989677,0,16.14908718260108,0.721011588142615,0.04898777689808574,1.4834472393435547,0.3216350445918409,0.21388532341173544,7.808552208421976,0.8157462418304946,0.09213661470593093,1.5391850988746159,3.1276949579879294,0.0,3.0953816264123866
49,50,74.25559530263295,0.0023619858738085447,83.97924135481551,5.799602472002114,1.3888888888888888,0.1729085940989677,0,16.382719821676215,0.7473271278668064,0.05080480734726356,1.5365602179929148,0.33348818697609034,0.22178783927613482,7.7392893613975255,0.8390327373681241,0.09489664942304521,1.5807917676299839,3.200355432376118,0.0,3.0953816264123866
50,51,73.78388941968505,0.0034747175353069823,73.20313978170354,5.525191714965815,1.3888888888888888,7.028034063594051e-15,0,16.61338316724093,0.7739911029513372,0.0526476445181982,1.5903164350117587,0.3455050934808495,0.2298007491136149,7.637101103643705,0.8619542464669787,0.09762487735320219,1.6215483106393829,3.270537609695989,0.0,3.0953816264123866
51,52,73.43920860527186,0.0050567563695047245,70.44897210353183,5.667681816912434,1.3888888888888888,7.028034063594051e-15,0,16.84111919376098,0.8009979326249707,0.054515955186100695,1.644702986578162,0.357683450636633,0.2379225471553943,7.536411148828569,0.884459566772885,0.10031567862142245,1.6613559289265,3.3380358267653487,0.0,3.0953816264123866
52,53,73.25699916118195,0.007281735825203063,67.5199083381672,5.9167041613767655,1.3888888888888888,7.028034063594051e-15,0,17.065969278495512,0.8283421161131829,0.0564094108329526,1.6997071649661362,0.37002097767500386,0.24615174889059147,7.437197180828034,0.9065550680396912,0.10296960099638139,1.70023087933445,3.4029153154539804,0.0,3.0953816264123866
53,54,73.14514830292914,0.010377050753646073,64.2003690524661,5.649475501837858,1.3888888888888888,7.028034063594051e-15,0,17.287974209997497,0.8560182314989782,0.05832768758054278,1.7553164557106908,0.38251542606346894,0.2544868907638528,7.33943721664108,0.9282470245776355,0.10558718409175083,1.7381891624051886,3.465239941068961,0.0,3.0953816264123866
54,55,73.01574057827116,0.014635746354679052,78.03459173494699,5.7343280106294054,1.3888888888888888,7.028034063594051e-15,0,17.507174196493192,0.8840209345999194,0.060270466124457314,1.8115185348134053,0.3951645790469936,0.26292652987728454,7.2431096014155205,0.9495416166792767,0.10816895948792436,1.7752465262963781,3.5250722288972978,0.0,3.0953816264123866
55,56,72.78290531626753,0.020428518424195383,70.11494822245996,5.666698065754699,1.3888888888888888,7.028034063594051e-15,0,17.723608874142307,0.9123449578611443,0.06223743166900904,1.8683012659879312,0.4079662511960424,0.2714692436966276,7.148193003548037,0.9704449320241302,0.11071545085192518,1.8114184706391672,3.582473390256252,0.0,3.0953816264123866
56,57,72.36292152448547,0.028214031844760287,72.9019885027365,5.769669579830115,1.3888888888888888,7.028034063594051e-15,0,17.93731731518061,0.9409851092641387,0.06422827386309313,1.9256526979448587,0.4209182879610528,0.28011362976161386,7.0546664098573935,0.9909629670623274,0.11322717405552339,1.84672025033777,3.637503348060197,0.0,3.0953816264123866
57,58,71.83578990869036,0.038544605657156186,65.7102897001403,5.606552512001722,1.3888888888888888,7.028034063594051e-15,0,18.148338035946608,0.9699362712510421,0.06624268673695584,1.9835610617153838,0.4340185652332494,0.2888583054004455,6.962509120829719,1.011101628377612,0.11570463729158958,1.8811668793117187,3.690220761912711,0.0,3.0953816264123866
58,59,71.10057991991013,0.05206288657446946,68.83168996659987,5.5445770908725684,1.3888888888888888,7.028034063594051e-15,0,18.35670900479401,0.9991933996642665,0.06828036863986317,2.0420147680132255,0.4472649889117096,0.29770190744833797,6.871700745934808,1.0308667340299802,0.1181483411887111,1.9147731341816494,3.74068305273245,0.0,3.0953816264123866
59,60,70.06653400296871,0.06948370948541881,69.31079993859296,5.716009277300408,1.3888888888888888,7.028034063594051e-15,0,18.562467649891534,1.0287515227012083,0.07034102217865672,2.101002404634245,0.4606554944765916,0.30664309197006934,6.782221199012337,1.0502640148782716,0.12055877892409672,1.9475535578994692,3.7889464269211883,0.0,3.0953816264123866
60,61,69.00738702074611,0.09155454882708047,70.19202302219922,6.0397165094687955,1.3888888888888888,0.0,0,18.765650866911717,1.0586057398838395,0.07242435415718418,2.1605127338932353,0.4741880465684355,0.31568053398647844,6.694050693727001,1.0692991158830076,0.1229364363347956,1.9795224633237363,3.8350659000822773,0.0,3.0953816264123866
61,62,68.07435458061182,0.11898886957596266,80.51074199644263,5.351182549191318,1.3888888888888888,0.0,0,18.966295026610243,1.0887512210429673,0.07453007551659185,2.220534690097344,0.4878606385734536,0.3248129272048558,6.607169739091504,1.0879775973897727,0.12528179202725545,2.010693936741079,3.8790953202976235,0.0,3.0953816264123866
62,63,67.0470538449942,0.15237066283006304,63.83357819834269,5.868957018256705,1.3888888888888888,0.0,0,19.164435982297437,1.1191832053169495,0.07665790127646714,2.2810573770556144,0.5016712922147221,0.334038983753172,6.521559135056412,1.1063049363934314,0.1275953174852448,2.04108184133446,3.9210873909711395,0.0,3.0953816264123866
63,64,65.99202885357187,0.19203653434388301,72.0227646841672,5.538355521175095,1.3888888888888888,0.0,0,19.36010907720337,1.1498970001646664,0.07880755047681867,2.3420700656241245,0.5156180571491922,0.34335743391808904,6.437199968165846,1.1242865277834637,0.12987747717616369,2.070699820599083,3.961093693246488,0.0,3.0953816264123866
64,65,64.97037806829077,0.23795336382894142,73.08904373564819,5.6284333485098,1.3888888888888888,0.0,0,19.55334915173814,1.1808879803925398,0.0809787461208823,2.4035621912862215,0.5296990105704364,0.35276702588670045,6.354073607278071,1.1419276855707037,0.1321287286557671,2.099561301706733,3.9991647080068007,0.0,3.0953816264123866
65,66,63.853120395633155,0.28962128373589563,68.81781075646046,5.625978081135725,1.3888888888888888,0.0,0,19.74419055064882,1.2121515871954034,0.08317121511874119,2.4655233517673496,0.5439122568170492,0.3622665254919473,6.272161699349969,1.1592336440957578,0.1343495226713246,2.1276794988193153,4.035349837463911,0.0,3.0953816264123866
66,67,62.712632096765255,0.3460370017026933,70.75026020822169,5.657840546237902,1.3888888888888888,0.0,0,19.932667130074524,1.2436833272110246,0.08538468823174843,2.527943304683975,0.5582559269866213,0.3718547159616578,6.191446165284471,1.1762095592193758,0.1365403032632396,2.1550674163523635,4.06969742634452,0.0,3.0953816264123866
67,68,61.68496245404655,0.4057444866228991,68.6002694412833,5.668840982117143,1.3888888888888888,0.0,0,20.118812264501056,1.2754787715880866,0.08761890001774054,2.5908119652261283,0.5727281785552077,0.3815303976711588,6.111909195839996,1.1928605094950457,0.13870150786515117,2.1817378521892623,4.10225478268057,0.0,3.0953816264123866
68,69,60.750901236792565,0.46697703310913147,78.81073165861338,5.561131172493786,1.3888888888888888,0.0,0,20.302658853616553,1.3075335550674356,0.08987358877703105,2.654119403873082,0.587327195002213,0.39129238789940857,6.033533247600972,1.2091914973240765,0.14083356740254144,2.2077034008469267,4.13306819821098,0.0,3.0953816264123866
69,70,59.872361996672446,0.5278642728640428,66.98994916338788,5.7248942336228845,1.3888888888888888,0.0,0,20.484239329069563,1.3398433750764076,0.09214849649917249,2.71785584414169,0.6020511854406142,0.40113952058860025,5.956301039008532,1.225207450093431,0.14293690638987025,2.2329764565936667,4.162182968401766,0.0,3.0953816264123866
70,71,58.93063675323845,0.586654397390377,65.58091828565775,5.632901812894581,1.3888888888888888,0.0,0,20.663585661130924,1.3724039908360455,0.09444336881047637,2.7820116603669245,0.6168983842524476,0.41107064610718735,5.880195546450482,1.240913221296565,0.14501194302625972,2.2575692165199515,4.1896434120914625,0.0,3.0953816264123866
71,72,57.90352854882014,0.6418981234364429,70.35267775816197,5.4610292711301005,1.3888888888888888,0.0,0,20.840729365260803,1.4052112224810251,0.09675795492228004,2.8465773755141535,0.6318670507294835,0.4210846310162819,5.805200000409648,1.2563135916375308,0.14705908928974978,2.2814936835627866,4.215492890768599,0.0,3.0953816264123866
72,73,56.81817524927824,0.6925580603637648,65.9296702062339,5.587110853252821,1.3888888888888888,0.0,0,21.01570150858228,1.4382609501921104,0.09909200757994986,2.9115436590227026,0.6469554687190143,0.43118035783937736,5.731297881669751,1.2714132701185874,0.1490787510301466,2.304761669484394,4.23977382748792,0.0,3.0953816264123866
73,74,55.695451323210094,0.7380347470975193,67.51107017774925,5.533998813388081,1.3888888888888888,0.0,0,21.188532716262767,1.4715491133409548,0.10144528301261033,2.976901324680261,0.6621619462746859,0.4413567248353493,5.658472917577937,1.2862168951115724,0.1510713280604843,2.3273847978058857,4.262527725431876,0.0,3.0953816264123866
74,75,54.63386583965168,0.7781247730790748,71.30873944509602,5.685648006743733,1.3888888888888888,0.0,0,21.359253177804614,1.505071709647078,0.10381754088358862,3.0426413285276848,0.6774848153122965,0.4516126457746871,5.586709078363107,1.300729035413271,0.15303721424712138,2.3493745066965994,4.283795186123807,0.0,3.0953816264123866
75,76,53.72429766718518,0.8129385138410444,66.5557534502414,5.656633484094951,1.3888888888888888,0.0,0,21.52789265324616,1.5388247943468423,0.10620854424156465,3.10875476679377,0.692922431270496,0.4619470497189101,5.515990573509236,1.3149541912850244,0.1549767975984915,2.3707420518197733,4.303615927299151,0.0,3.0953816264123866
76,77,52.854838625724035,0.842804813101847,70.79823100591271,5.718194880962137,1.3888888888888888,0.0,0,21.694480479274517,1.5728044793742588,0.10861805947241616,3.1752328738595668,0.708473172776314,0.47235888080312377,5.446301848182845,1.3288967954768145,0.15689046035252918,2.391498509135206,4.322028800440863,0.0,3.0953816264123866
77,78,52.069441439597064,0.8681823810559053,66.86039435037767,5.535661713468738,1.3888888888888888,0.0,0,21.859045575251358,1.6070069325534535,0.11104585625174959,3.2420670202518127,0.7241354413154484,0.4828470980216707,5.377627579713815,1.3425612142360517,0.1587785790627902,2.4116547776595474,4.339071807985141,0.0,3.0953816264123866
78,79,51.377120152472436,0.8895883492693356,67.27026197023264,5.504050634702639,1.3888888888888888,0.0,0,22.021616449152916,1.641428376802628,0.11349170749810619,3.3092487106650714,0.7399076609072462,0.4934106750168323,5.309952674128765,1.3559517483012993,0.16064152468328585,2.431221582184865,4.354782120203443,0.0,3.0953816264123866
79,80,50.723046054517546,0.907546867460536,65.91902084296598,5.458565192304589,1.3888888888888888,0.0,0,22.182221203425446,1.6760650893493547,0.11595538932683452,3.3767695820121677,0.7557882777843111,0.5040485998705379,5.243262262736181,1.3690726338811565,0.16247966265205074,2.4502094759561026,4.369196091766683,0.0,3.0953816264123866
80,81,50.30924561180173,0.9225560033601194,71.1403740563908,5.457174937369615,1.3888888888888888,0.0,0,22.340887540757347,1.7109134009570368,0.11843668100461925,3.444621401502512,0.7717757600766704,0.5147598748990387,5.17754169876255,1.3819280436185226,0.16429335297346248,2.4686288433080534,4.382349277997356,0.0,3.0953816264123866
81,82,50.07791623259253,0.9350691667675692,66.4119886033716,5.607678514557291,1.3888888888888888,0.0,0,22.497642769769094,1.745969695162384,0.12093536490465735,3.512796064747924,0.7878685975004371,0.525543516450504,5.112776554038718,1.3945220875404614,0.16608295029933254,2.486489902262457,4.394276450815298,0.0,3.0953816264123866
82,83,49.82187073357426,0.9454869402530895,75.7304076373051,5.598150688452968,1.3888888888888888,0.0,0,22.652513810622207,1.7812304075237406,0.12345122646247221,3.5812855938955575,0.8040653010509041,0.5363985547054978,5.048952615735738,1.4068588139938778,0.16784880400878602,2.503802707085813,4.4050116143826115,0.0,3.0953816264123866
83,84,49.57404639346073,0.9541557297793729,66.99315987683087,5.614625831608746,1.3888888888888888,0.0,0,22.805527200548376,1.8166920248801126,0.1259840541323566,3.6500821357875393,0.8203644027000051,0.5473240334802963,4.986055883149452,1.418942210567224,0.1695912582869488,2.5205771508085077,4.414588020453273,0.0,3.0953816264123866
84,85,49.29296132145715,0.9613704780727684,72.25107238378237,5.433737229964949,1.3888888888888888,0.0,0,22.95670909929987,1.8523510846207438,0.1285336393444357,3.7191779601469497,0.8367644550980824,0.5583190100330034,4.924072564533091,1.430776204998437,0.17131065220245978,2.5368229677058323,4.42303818343276,0.0,3.0953816264123866
85,86,48.95318254671196,0.9673794994082157,62.17096081706199,5.55307124841475,1.3888888888888888,0.0,0,23.10608529452239,1.8882041739650888,0.1310997764623412,3.788565457789758,0.8532640312798991,0.5693825548724272,4.8629890739771815,1.4423646660693195,0.17300731978382572,2.5525497357414615,4.430393895153,0.0,3.0953816264123866
86,87,48.64838535687128,0.9723901653286229,77.16022267799266,5.5015113272676786,1.3888888888888888,0.0,0,23.253681207051418,1.9242479292530341,0.13368226274148792,3.858237138862352,0.8698617243748354,0.5805137515696752,4.802792028336025,1.4537114044865627,0.17468159009463594,2.567766878973964,4.4366862393678215,0.0,3.0953816264123866
87,88,48.319507588070685,0.9765746682581434,79.01200478436402,5.523526187438621,1.3888888888888888,0.0,0,23.399521896133198,1.9604790352452255,0.13628089828794424,3.928185631104294,0.8865561473212097,0.5917116965724326,4.743468244200094,1.464820173749611,0.17633378730765403,2.5824836699268943,4.441945605973999,0.0,3.0953816264123866
88,89,47.919691033474905,0.9800754329248053,63.03565157584977,5.489567763191295,1.3888888888888888,0.0,0,23.543632064571387,1.9968942244333514,0.1388954860178879,3.998403678135939,0.9033459325846651,0.6029754990218826,4.6850047349136235,1.4756946710055663,0.17796423077780318,2.59670923192301,4.446201704962897,0.0,3.0953816264123866
89,90,47.40915412918794,0.983009968237625,71.6545053638236,5.434761317220826,1.3888888888888888,0.0,0,23.68603606380046,2.033490276360248,0.14152583161763896,4.068884137770568,0.920229731880565,0.6143042805722336,4.627388707636746,1.4863385378913248,0.17957323511406184,2.6104525413831654,4.449483580107637,0.0,3.0953816264123866
90,91,46.81093219132891,0.9854780361938738,69.68628309664739,5.498754422148476,1.3888888888888888,0.12455570179310832,0,23.8267578988869,2.070264016949679,0.14417174350426154,4.139619980350683,0.9372062159003389,0.6256971752128142,4.595081594975627,1.4967964317620162,0.18116551737020073,2.623804372434468,4.45201194168738,0.0,3.0953816264123866
91,92,46.18972218920496,0.9875605357558295,69.63694505634548,5.369645456960125,1.3888888888888888,0.12455570179310832,0,23.965821233459177,2.107212317845658,0.1468330327867265,4.210604287108122,0.9542740740417233,0.6371533290927007,4.563262350784151,1.5071120232790083,0.18274570743558902,2.6368531322800184,4.453999338705056,0.0,3.0953816264123866
92,93,45.51398469756249,0.9893211011450816,67.76756351871045,5.467773232749486,1.3888888888888888,0.12455570179310832,0,24.103249394567587,2.1443320957611753,0.14950951322762665,4.281830248547645,0.9714320141428416,0.6486719003478405,4.531923679130233,1.5172874091828248,0.18431398363214574,2.6496040748235883,4.4554618039464815,0.0,3.0953816264123866
93,94,44.80687174111353,0.9908124712606975,64.31678237921632,5.548442455431838,1.3888888888888888,0.12455570179310832,0,24.239065377474898,2.181620311836194,0.15220100120543711,4.353291162853672,0.9886787622200696,0.6602520589306361,4.5010583930532615,1.5273246549625292,0.18587052161591547,2.662062370582535,4.456415006211375,0.0,3.0953816264123866
94,95,44.020439027306,0.9920783812705315,64.74266794757762,5.5922020030420905,1.3888888888888888,0.12455570179310832,0,24.373291850378813,2.2190739710047858,0.1549073156773126,4.4249804343198385,1.0060130622096302,0.671892986441955,4.470659412936796,1.5372257953222765,0.18741549441688654,2.6742331079660535,4.456874257697246,0.0,3.0953816264123866
95,96,43.093006967930265,0.993155133063821,71.74542522400938,5.689952675137202,1.3888888888888888,0.12455570179310832,0,24.50595115906721,2.2566901213712764,0.1576282781424146,4.49689157180102,1.023433675712868,0.6835938759655296,4.440719764905559,1.5469928346408972,0.18894907247821466,2.6861212945341175,4.456854521242548,0.0,3.0953816264123866
96,97,42.32577884002321,0.9940728939007607,66.74610471949329,5.578659889443889,1.3888888888888888,0.12455570179310832,0,24.637065331507095,2.2944658535952698,0.16036371260576002,4.569018187187547,1.0409393817451469,0.6953539319047146,4.4112325792463665,1.5566277474246193,0.1904714236948607,2.697731858237403,4.456370417431673,0.0,3.0953816264123866
97,98,41.79305980158903,0.9948567674076175,70.26994402040837,5.506969898254812,1.3888888888888888,0.12455570179310832,0,24.766656082368296,2.3323983002854267,0.1631134455425848,4.641353993901261,1.0585289764883234,0.7071723698215684,4.382191088852641,1.5661324787530306,0.19198271345165174,2.7090696486384793,4.455436231564321,0.0,3.0953816264123866
98,99,41.33264785771958,0.9955276753180959,63.080104658635065,5.26896945507895,1.3888888888888888,0.12455570179310832,0,24.89474481748271,2.3704846354018745,0.1658773058632146,4.713892805413113,1.0762012730467418,0.7190484162782237,4.353588627692155,1.575508944718381,0.19348310466077345,2.720139438114543,4.4540659204917254,0.0,3.0953816264123866
99,100,40.807824905282324,0.9961030827224151,79.48603124037072,5.4521870365506,1.3888888888888888,0.12455570179310832,0,25.021352638240092,2.4087220736671195,0.1686551248784355,4.786628533781993,1.0939551012067026,0.7309813086805167,4.325418629297646,1.584759032858325,0.1949727577987027,2.730945923041982,4.452273119322185,0.0,3.0953816264123866
100,101,40.263191727849744,0.9965983366723584,68.6692103469727,5.537675897070984,1.3888888888888888,0.26089123846284595,0,25.146500345921293,2.4471078699853503,0.17144673626535745,4.859555188214494,1.1117893071993534,0.7429702951238409,4.324463287567513,1.593929557207257,0.19645665486514,2.741583416990729,4.45028165586074,0.0,3.0953816264123866
101,102,39.73389545538163,0.9970260187613681,73.44655157344074,5.443923069097547,1.3888888888888888,0.26089123846284595,0,25.27020844596979,2.485639318870003,0.1742519760337638,4.932666873645308,1.1297027534669561,0.7550146342411965,4.323561326134265,1.6030662830386158,0.19793968512924462,2.7521437249463565,4.448306816180382,0.0,3.0953816264123866
102,103,39.12393874690501,0.9973959314175987,74.46256769238678,5.574651686475816,1.3888888888888888,0.26089123846284595,0,25.392497152202445,2.524313753879475,0.1770706824929398,5.005957789337959,1.1476943184324784,0.7671135950534002,4.322711867549588,1.6121695006400705,0.19942186792397046,2.7626277153046006,4.446349168227024,0.0,3.0953816264123866
103,104,38.45885330692286,0.9977163782484139,71.57801094775576,5.720024871073733,1.3888888888888888,0.26089123846284595,0,25.513386390960306,2.5631285470608764,0.179902696218973,5.079422227505579,1.1657628962724664,0.779266456821429,4.321914047635887,1.621239496413514,0.20090322226244786,2.773036244854746,4.444409257446073,0.0,3.0953816264123866
104,105,37.75966617331335,0.9979944035121515,65.90550400439089,5.4621878407378315,1.3888888888888888,0.26089123846284595,0,25.632895805200327,2.602081108401692,0.18274786002251933,5.153054571951457,1.1839073966931488,0.7914725089008645,4.3211670152877755,1.6302765529321475,0.20238376684283096,2.7833701589449813,4.442487607340294,0.0,3.0953816264123866
105,106,37.0548938163741,0.9982359919918413,70.58061494217529,5.348628785092847,1.3888888888888888,0.26089123846284595,0,25.751044758528856,2.641168885289255,0.18560601891702772,5.226849296729061,1.2021267447097275,0.8037310505984087,4.320469932276513,1.6392809489967144,0.2038635200530725,2.793630291645332,4.440584720015887,0.0,3.0953816264123866
106,107,36.307288505801125,0.998446235966213,66.70011508981193,5.559354342532629,1.3888888888888888,0.26089123846284595,0,25.867852339177713,2.6803893619779107,0.18847702008741715,5.300800964821267,1.2204198804288107,0.8160413910304423,4.3198219730573655,1.648252959690896,0.20534249997562717,2.803817465908213,4.438701076716969,0.0,3.0953816264123866
107,108,35.67151510558784,0.9986294748356828,70.68946303878255,5.58382464909185,1.3888888888888888,0.26089123846284595,0,25.983337363923646,2.719740059063768,0.19136071285919964,5.37490422683851,1.2387857588339402,0.8284028489835963,4.319222324579854,1.6571928564358829,0.20682072439208454,2.813932493726633,4.436837138348722,0.0,3.0953816264123866
108,109,35.16072893862223,0.9987894120119429,67.0895811780934,5.653387407453857,1.3888888888888888,0.26089123846284595,0,26.09751838195204,2.7592185329669277,0.19425694866804238,5.449153819735604,1.2572233495741734,0.8408147527773078,4.3186701861008245,1.6661009070441322,0.20829821078773267,2.8239761762900875,4.434993345989412,0.0,3.0953816264123866
109,110,34.77215912467818,0.9989292128907112,69.75740681113297,5.611442035115449,1.3888888888888888,0.26089123846284595,0,26.21041367866559,2.7988223754210786,0.19716558102976342,5.523544565546947,1.2757316367556728,0.8532764401283314,4.318164769000319,1.674977375772325,0.20977497635605347,2.8339493041381716,4.433170121391486,0.0,3.0953816264123866
110,111,34.41586608582864,0.9990514025596632,65.93707337261293,5.285281357591149,1.1357216060054531,0.25847111740086426,0,26.2408021536869,2.8384802763168673,0.20008190402347512,5.597925012396369,1.2942793505367152,0.8657672144297174,4.3172297653674105,1.6838217253744396,0.2112509523726772,2.8438510651697197,4.431364130702226,0.0,3.0953816264123866
111,112,34.04186188999187,0.9991582147598823,62.72721362327196,5.609973761095305,1.1357216060054531,0.25847111740086426,0,26.271029472525633,2.8781223487903604,0.2030012960491894,5.672147110347873,1.312835806684255,0.8782667599893238,4.3163464427647895,1.6926334332771578,0.21272607143434247,2.8536806801566046,4.429572167859485,0.0,3.0953816264123866
112,113,33.748089353208854,0.999251757052254,60.58238275200817,5.46148372774568,1.1357216060054531,0.25847111740086426,0,26.301097709278366,2.9177483485846936,0.20592373882298792,5.74621085305226,1.3314008796688193,0.8907749936638754,4.315513952023011,1.7014127802571843,0.21420035226501155,2.863438972615109,4.427794815054623,0.0,3.0953816264123866
113,114,33.47765849497355,0.9993338255344516,73.31763666418746,5.428369006161398,1.1357216060054531,0.25847111740086426,0,26.33100890871594,2.9573580353427222,0.20884921429374342,5.820116241582321,1.349974445585207,0.9032918333648671,4.314731456814989,1.7101600433311999,0.21567381327912552,2.8731267549418518,4.426032632194597,0.0,3.0953816264123866
114,115,33.097425698053065,0.9994059540675057,63.60425585145586,5.44232472872572,1.1357216060054531,0.25847111740086426,0,26.360765086700702,2.996951172551131,0.21177770463983125,5.893863284301552,1.3685563821296343,0.9158171980437104,4.313998133463881,1.7188754958111017,0.21714647258629496,2.882744828573057,4.424286157449802,0.0,3.0953816264123866
115,116,32.70056017609272,0.9994694552403571,62.85405779755399,5.495417337075285,1.1357216060054531,0.25847111740086426,0,26.390368230597815,3.036527527485338,0.21470919226588794,5.967451996734837,1.3871465685772089,0.9283510076770921,4.313313170753847,1.727559407358421,0.2186183479959208,2.8922939841414856,4.4225559077903664,0.0,3.0953816264123866
116,117,32.09262047410692,0.9995254545356108,64.59348313437599,5.362202709893248,1.1357216060054531,0.25847111740086426,0,26.419820299680723,3.076086871155184,0.21764365979961545,6.0408824014410625,1.4057448857597212,0.9408931832525392,4.31267576974363,1.7362120440379296,0.22008945702174582,2.9017750016310657,4.420842379511122,0.0,3.0953816264123866
117,118,31.486312778061205,0.9995749188878892,70.71403852225924,5.3707131062511095,1.1357216060054531,0.25847111740086426,0,26.44912322553081,3.1156289782513946,0.2205810900886313,6.114154527887633,1.4243512160437537,0.9534436467541917,4.312085143582928,1.7448336683704488,0.22155981688633786,2.9111886505292572,4.41914604874547,0.0,3.0953816264123866
118,119,31.16973877892515,0.9996186806070103,57.57836345228101,5.299498796187217,1.1357216060054531,0.25847111740086426,0,26.47827891243141,3.155153627092805,0.2235214661973632,6.187268412326866,1.4429654433090995,0.9660023211487754,4.311540517331502,1.7534245393848706,0.2230294445255065,2.9205356899771844,4.417467371968366,0.0,3.0953816264123866
119,120,30.940967541551895,0.9996574574611486,66.93054487014487,5.502364930988813,1.1357216060054531,0.25847111740086426,0,26.507289237756183,3.194660599574338,0.22646477140398819,6.260224097674233,1.4615874529274895,0.9785691303717757,4.311041127780988,1.761984912669404,0.22449835659265296,2.929816868917566,4.415806786488616,0.0,3.0953816264123866
120,121,30.747776701394944,0.9996916351556694,75.65369784648755,5.339267235336405,0.0,0.25612885124913093,0,26.171713106492007,3.2338404277006374,0.22939052612809868,6.332365064934566,1.4800813470232794,0.9910540827373687,4.310125989810836,1.7705142680944677,0.22596648658730065,2.9390313853172114,4.414161094372252,0.0,3.0953816264123866
121,122,30.628581335725503,0.9997216222632987,66.39477188009762,5.417333286796195,0.0,0.25612885124913093,0,25.840879571263777,3.2723898777670843,0.23227862019680587,6.403049692251978,1.498313793216945,1.0033688553380025,4.309260888721915,1.779012099731857,0.22743376928759101,2.948178469065875,4.412527220917129,0.0,3.0953816264123866
122,123,30.54195865233317,0.9997480126801407,71.53267723245985,5.196611702628744,0.0,0.25612885124913093,0,25.514721156156103,3.310317988109802,0.23512958541824797,6.472300130180903,1.5162884863638075,1.0155158500768535,4.308445002700414,1.787478679160432,0.22890022282819936,2.957258901344384,4.410905757366342,0.0,3.0953816264123866
123,124,30.379255434993077,0.9997713058445538,79.13724591905253,5.37750674259795,0.0,0.25612885124913093,0,25.19317134568276,3.347633668353396,0.23794394603466484,6.540138208987691,1.5340090687688264,1.0274974346933292,4.307677522360512,1.7959142743206666,0.2303658650442457,2.9662734526775987,4.409297272961582,0.0,3.0953816264123866
124,125,30.14761538795585,0.9997919232776207,69.90239299711274,5.237799522926451,0.0,0.25612885124913093,0,24.876164571115908,3.384345701243096,0.24072221883008793,6.606585443227454,1.5514791309345537,1.039315943249331,4.3069576505584575,1.8043191495681052,0.23183071347583425,2.9752228830878416,4.4077023154801225,0.0,3.0953816264123866
125,126,29.929343782199112,0.9998102219777962,63.24102707579961,5.196023086530428,0.0,0.25612885124913093,0,24.563636197009888,3.4204627444508198,0.2434649132364974,6.671663036255709,1.5687022122984409,1.0509736766085966,4.306284602209439,1.812693565726024,0.2332947853725251,2.9841079422460686,4.406121411760523,0.0,3.0953816264123866
126,127,29.6654872186815,0.9998265053129045,70.38725520506927,5.268330470894348,0.0,0.25612885124913093,0,24.255522507916844,3.455993332355527,0.24617253143846815,6.735391884675738,1.5856818019596506,1.0624729029092193,4.305657604107182,1.8210377801373057,0.2347580976977388,2.9929293696208217,4.4045550682172685,0.0,3.0953816264123866
127,128,29.384615721039452,0.9998410319124371,76.37120596082372,5.251449668933433,0.0,0.25612885124913093,0,23.951760695291437,3.490945877798233,0.2488455684763264,6.797792582722573,1.6024213393955236,1.0738158580294401,4.305075894746241,1.8293520467155444,0.23622066713309525,3.001687894624991,4.403003771344558,0.0,3.0953816264123866
128,129,29.23015876512682,0.9998540229552738,62.9323531437037,5.435850977417381,0.0,0.25612885124913093,0,23.652288844581964,3.525328673812045,0.251484512347838,6.858885426584527,1.6189242151678473,1.085004746046812,4.304538724146954,1.8376366159953874,0.2376825100826874,3.0103842367604177,4.40146798820946,0.0,3.0953816264123866
129,130,29.05861684965226,0.9998656681646095,69.77927498293718,5.166849807903558,0.0,0.25612885124913093,0,23.35704592250521,3.5591498953275638,0.2540898441084489,6.918690418663138,1.6351937716190719,1.0960417396908264,4.304045353683,1.845891735182126,0.2391436426772912,3.0190191057603797,4.399948166934636,0.0,3.0953816264123866
130,131,28.93460624469235,0.9998761303359545,74.11760725819002,5.171496152222408,0.0,0.25386190401181347,0,23.065971764502446,3.592417600854022,0.2566620379700996,6.9772272717724215,1.6512333035586144,1.106928980789099,4.303149621907701,1.8541169007082563,0.24060400056774595,3.0275917103572985,4.398441236907964,0.0,3.0953816264123866
131,132,28.892598777768814,0.9998855500002324,76.82964121941495,5.318167685510376,0.0,0.25386190401181347,0,22.779007062373953,3.6251397341364817,0.259201561398632,7.034515413278285,1.6670460589393972,1.1176685807072018,4.30230233616762,1.8623116227516598,0.24206352064240236,3.0361012902805338,4.396944246404083,0.0,3.0953816264123866
132,133,28.933973878962888,0.9998940491492926,69.08413641702967,5.312132879515993,0.0,0.25386190401181347,0,22.496093352089588,3.6573241257894518,0.2617088752098107,7.090573989178957,1.6826352395247537,1.1282626207822373,4.301502701111821,1.8704761639961007,0.2435222204657051,3.0445485867663837,4.395457791382751,0.0,3.0953816264123866
133,134,28.918730187545055,0.9999017335821028,72.1591870330498,5.2673732866306935,0.0,0.25386190401181347,0,22.217173001772842,3.688978494907248,0.26418443366397704,7.145421868127279,1.6980040015458433,1.1387131527502403,4.300749933416516,1.8786107836046162,0.24498011731218436,3.0529343308370054,4.3939824461392645,0.0,3.0953816264123866
134,135,28.80400812738527,0.9999086952898338,69.4737853619045,5.245271481462901,0.0,0.25386190401181347,0,21.94218919985593,3.7201104506514335,0.2666286845593559,7.199077645395673,1.7131554563497071,1.149022199167495,4.300043261605152,1.886715737271248,0.24643722817084898,3.061259243448243,4.3925187638299565,0.0,3.0953816264123866
135,136,28.63571560471559,0.9999150144569929,64.72629415814585,5.21019494541986,0.0,0.25386190401181347,0,21.67108594340349,3.75072749381566,0.2690420693240345,7.251559646784616,1.7280926710381013,1.1591917538258558,4.29938192587118,1.8947912772720041,0.2478935697495138,3.069524035635272,4.391067276986678,0.0,3.0953816264123866
136,137,28.420555259966257,0.999920761145398,75.50577774881158,5.18397206301997,0.0,0.25386190401181347,0,21.403808026602473,3.7808370183682367,0.2714250231066319,7.302885932475423,1.742818669097235,1.1692237821621576,4.298765177903479,1.9028376525150605,0.24934915847906228,3.0777294086561007,4.389628498020485,0.0,3.0953816264123866
137,138,28.115043632110375,0.999925996715344,66.27294127140105,5.425648471307756,0.0,0.25386190401181347,0,21.14030102941587,3.810446312972746,0.27377797486567773,7.353074300828117,1.7573364310185458,1.1791202216617969,4.298192280714378,1.9108551085902152,0.25080401051764545,3.085876054132957,4.388202919714747,0.0,3.0953816264123866
138,139,27.66273642096279,0.9999307750283255,67.13048366791465,5.068636239670194,0.0,0.25386190401181347,0,20.880511306397963,3.8395625624870076,0.27610134745771914,7.402142292125188,1.7716488949106397,1.188882982256568,4.297662508470252,1.918843887817606,0.2522581417548177,3.0939646541915926,4.386791015707856,0.0,3.0953816264123866
139,140,27.152201221118286,0.9999351434676541,72.53390008689573,5.276782480418768,0.0,0.25386190401181347,0,20.624385975668748,3.86819284944071,0.2783955577241729,7.450107192261993,1.7857589571025192,1.198513946716839,4.297175146324654,1.926804229295701,0.25371156781561116,3.1019958815985365,4.385393240965776,0.0,3.0953816264123866
140,141,26.650533927980494,0.9999391436102634,79.96910729944044,5.249841994054525,0.0,0.25166782242363456,0,20.37187290804533,3.89634415549201,0.28066101657694226,7.496986036384583,1.7996694727382265,1.2080149710381425,4.296298373671027,1.9347356454826516,0.2551642264319672,3.1099689564602877,4.384006644489386,0.0,3.0953816264123866
141,142,26.207461828641613,0.9999428122177136,62.797814666295245,5.299766167134676,0.0,0.25166782242363456,0,20.122920716327993,3.9240233628633985,0.2828981290828141,7.542795612475665,1.8133832563630214,1.2173878848222655,4.295468507757673,1.9426376621408412,0.2566160565335701,3.1178831289780304,4.382628390018462,0.0,3.0953816264123866
142,143,25.790048094005055,0.9999461820287714,66.46825233609128,5.185272299977692,0.0,0.25166782242363456,0,19.877478744738784,3.9512372557571243,0.2851072945466555,7.58755246488948,1.826903082501216,1.2266344916529142,4.294684778833195,1.9505105333516695,0.25806707513306476,3.125739102690936,4.38125907462453,0.0,3.0953816264123866
143,144,25.43606156570441,0.9999492820773306,67.70987656781324,5.125282947589285,0.0,0.25166782242363456,0,19.635497058510442,3.977992521750476,0.2872889065934259,7.631272897836299,1.8402316862257855,1.2357565694660315,4.293946428785598,1.9583545097896218,0.2595172989625075,3.1335375713451494,4.379899274094571,0.0,3.0953816264123866
144,145,25.11137498670461,0.999952138160949,75.26572938798326,5.1833835928298395,0.0,0.25166782242363456,0,19.3969264336235,4.0042957531712,0.2894433532490215,7.673972978817257,1.8533717637198688,1.244755870914844,4.29325271096817,1.9661698387723314,0.2609667444776183,3.1412792190362335,4.378549543444567,0.0,3.0953816264123866
145,146,24.745577988417452,0.9999547732442688,68.2062666745243,5.1030269564882085,0.0,0.25166782242363456,0,19.161718346689472,4.030153448453342,0.29157101701996957,7.715668542010237,1.8663259728302797,1.2536341237297124,4.2926028900279745,1.9739567643098976,0.2624154278619682,3.1489647203495124,4.377210417422295,0.0,3.0953816264123866
146,147,24.368150291077242,0.9999572078071444,66.51519401834803,4.843683458506083,0.0,0.25166782242363456,0,18.92982496497807,4.055572013473788,0.2936722749719879,7.756375191607509,1.8790969336131371,1.2623930310728593,4.2919962417368955,1.9817155271534674,0.2638633650311048,3.156594740498342,4.375882410999607,0.0,3.0953816264123866
147,148,24.14365760162606,0.9999594601457071,68.6318482020175,5.25259276784909,0.0,0.25166782242363456,0,18.701199136586325,4.080557762869782,0.29574749880742623,7.796108305105786,1.8916872288717295,1.271034271888049,4.291432052825214,1.9894463648430947,0.26531057163661553,3.164169935460336,4.374566019854383,0.0,3.0953816264123866
148,149,24.02291353211408,0.9999615466332803,62.52851363634828,5.15879063013045,0.0,0.25166782242363456,0,18.47579438074769,4.10511692133769,0.29779705494160535,7.834883036549405,1.9040994046867241,1.279559501245289,4.290909620817661,1.9971495117548859,0.2667570630701305,3.1716909521115855,4.373261720842367,0.0,3.0953816264123866
149,150,23.8961692677458,0.9999634819469634,72.21485966671327,5.015717555954557,0.0,0.25166782242363456,0,18.253564878279043,4.129255624913276,0.2998213045780696,7.872714319727274,1.916335970938828,1.2879703506806257,4.290428253871932,2.0048251991474433,0.26820285446726505,3.1791584283588907,4.3719699724590795,0.0,3.0953816264123866
150,151,23.891002654761177,0.9999652791581137,64.71848465983864,5.04189848750926,0.0,0.24954423325050706,0,18.034465462163705,4.152979922233759,0.3018206037827682,7.909616871324261,1.9283994018240103,1.2962684285311028,4.289570005139254,2.012472954985522,0.26964788557313596,3.186571596209356,4.370687936380062,0.0,3.0953816264123866
151,152,24.05238737512923,0.9999669500348897,64.7206587642969,5.115625627838479,0.0,0.24954423325050706,0,17.81845160826849,4.176295775781894,0.30379530355718065,7.94560519402767,1.9402921363613912,1.3044553202649525,4.288757173710993,2.02009232011131,0.27109209729212974,3.193929716885909,4.3694128850545555,0.0,3.0953816264123866
152,153,24.285035289016175,0.9999685052831142,67.99787727747564,5.057467344163554,0.0,0.24954423325050706,0,17.60547942619285,4.199209063112364,0.3057457499104013,7.980693579589431,1.9520165788939001,1.3125325888070862,4.287989014600382,2.027683540286899,0.2725355061029172,3.201233458343425,4.368145413681485,0.0,3.0953816264123866
153,154,24.538409812802776,0.9999699545583178,65.87361692223158,5.001935022300171,0.0,0.24954423325050706,0,17.395505650248346,4.221725578060692,0.307672283930198,8.014896111844658,1.9635750995818095,1.3205017748599528,4.287264794084963,2.0352468579775573,0.2739781282126033,3.2084834791452326,4.366886096588869,0.0,3.0953816264123866
154,155,24.847922749217595,0.9999713065816401,64.51181354860195,5.308537280150608,0.0,0.24954423325050706,0,17.188487630566442,4.243851031934969,0.3095752418530589,8.048226669687171,1.974970034889242,1.3283643972198291,4.286583789538083,2.04278251240018,0.2754199795608415,3.215680428600399,4.365635487735073,0.0,3.0953816264123866
155,156,25.246080429992485,0.9999725692416043,54.567055327688635,5.210809885939733,0.0,0.24954423325050706,0,16.984383324332928,4.2655910546905975,0.31145495513324273,8.080698930002615,1.9862036880637537,1.3361219530886093,4.285945289262912,2.050290739571015,0.2768610758238869,3.22282494689898,4.364394121199589,0.0,3.0953816264123866
156,157,25.518260714632746,0.9999737496836422,64.26515832014505,5.23498159183793,0.0,0.24954423325050706,0,16.78315128714709,4.28695119608833,0.31331175051084575,8.112326370559767,1.9972783296090906,1.3437759183811544,4.285348592328936,2.0577717723526794,0.2783014324185884,3.229917665245266,4.363162511663583,0.0,3.0953816264123866
157,158,25.610758761497866,0.9999748543889789,72.01754623672475,5.094107056978151,0.0,0.24954423325050706,0,16.584750664503865,4.307936926835812,0.31514595007890017,8.143122272860632,2.0081961977512166,1.35132774802827,4.284793008410894,2.065225840500474,0.27974106450632114,3.236959205989062,4.361941154880375,0.0,3.0953816264123866
158,159,25.628447347426636,0.9999758892442528,68.68659401804788,5.286942749009206,0.0,0.24954423325050706,0,16.389141183397264,4.3285536397128865,0.31695787134951736,8.173099724949916,2.018959498897706,1.3587788762753683,4.284277857630121,2.07265317070801,0.28117998699686036,3.243950182755017,4.360730528136069,0.0,3.0953816264123866
159,160,25.573327463399618,0.9999768596030624,69.82206287320545,5.134025716886644,0.0,0.24954423325050706,0,16.196283144043292,4.34880665068087,0.31874782731908946,8.202271624184448,2.029570408090601,1.366130716976881,4.283802470398265,2.080053986652154,0.282618214552197,3.250891200570046,4.359531090700512,0.0,3.0953816264123866
160,161,25.490057140017242,0.9999777702753869,74.8929769010888,5.057358001674739,0.0,0.24748884067824536,0,16.006137411720683,4.368701199976048,0.32051612653256306,8.230650679963125,2.0400310694528185,1.3733846638864804,4.2829623217794515,2.087427831302029,0.28405568886490995,3.257781503793157,4.358340110655296,0.0,3.0953816264123866
161,162,25.415863816446077,0.999978625653071,65.8625516663959,4.997399018002756,0.0,0.24748884067824536,0,15.818665408727803,4.388242453187602,0.32226307314679803,8.258249416417952,2.0503435966282058,1.3805420909431705,4.282166149253926,2.0947742600912798,0.28549235274962725,3.2646203651433354,4.357154963060283,0.0,3.0953816264123866
162,163,25.316698699413124,0.9999794298100156,72.07391058478538,5.078617891262091,0.0,0.24748884067824536,0,15.633829106454002,4.407435502320192,0.3239889669930244,8.285080175066708,2.0605100732153314,1.3876043525533046,4.2814132317921025,2.1020935107363976,0.2869282221682884,3.2714084189777837,4.355976238784411,0.0,3.0953816264123866
163,164,25.182409699694322,0.9999801864688896,61.52837076361599,5.036912739060517,0.0,0.24748884067824536,0,15.451591017563848,4.426285366841416,0.3256941036384102,8.311155117427807,2.0705325531951035,1.3945727838685902,4.28070285926585,2.109385817763544,0.2883633128199951,3.278146290645037,4.3548045082652544,0.0,3.0953816264123866
164,165,25.016212705702117,0.9999808990353912,65.807687108427,5.1100999799553,0.0,0.24748884067824536,0,15.2719141882926,4.444796994714358,0.3273787744467533,8.33648622759788,2.0804130613522975,1.4014487010601355,4.280034332285422,2.11665141255544,0.28979764014499326,3.284834596617286,4.353640321997759,0.0,3.0953816264123866
165,166,24.874085658640674,0.999981570628805,61.27148825335111,5.21088833382622,0.0,0.24748884067824536,0,15.094762190851348,4.462975263415442,0.3290432666383085,8.361085314792616,2.0901535936910878,1.4082334015885962,4.279406962038818,2.1238905233975545,0.2912312193285953,3.2914739446207397,4.352484211012806,0.0,3.0953816264123866
166,167,24.64952870036243,0.9999822041092842,67.44851599852119,4.963042681970613,0.0,0.24748884067824536,0,14.92009911594027,4.480824980937792,0.33068786334876416,8.384964015851367,2.0997561178446618,1.4149281644704754,4.2788200701335475,2.131103375523603,0.29266406530504396,3.298064933764052,4.3513366873458015,0.0,3.0953816264123866
167,168,24.34210141730192,0.9999828021022504,67.99603512424446,5.28011670670476,0.0,0.24748884067824536,0,14.747889565368435,4.498350886780316,0.33231284368737857,8.408133797706071,2.109222573479005,1.4215342505406348,4.278272988440758,2.138290191160372,0.29409619276131815,3.3046081546648414,4.350198244495476,0.0,3.0953816264123866
168,169,24.175621649197428,0.9999833670202383,65.33479833792752,5.232429460173076,0.0,0.24748884067824536,0,14.578098644778681,4.515557652922712,0.333918482794289,8.430605959814963,2.11855487269094,1.4280529027110689,4.277765058941688,2.1454511895718738,0.2955276161408818,3.3111041895743383,4.349069357873092,0.0,3.0953816264123866
169,170,24.1030966742185,0.9999839010824821,66.17326102789052,5.058780688293057,0.0,0.24748884067824536,0,14.410691956476022,4.532449884786584,0.3355050518970052,8.452391636561579,2.1277549004004963,1.4344853462259946,4.277295633576415,2.1525865871028413,0.2969583496473766,3.317553612500182,4.347950485242243,0.0,3.0953816264123866
170,171,24.120883738249017,0.9999844062889515,59.35914386046915,5.036011644761875,0.0,0.24549942378647818,0,14.24563559235816,4.549032122182894,0.33707281836609837,8.473501799619584,2.136824514737698,1.4408327889133112,4.276473172217303,2.1596959412408085,0.29838833685727256,3.3239556805355757,4.346838995405198,0.0,3.0953816264123866
171,172,24.283822887202483,0.999984884486419,63.68087900937795,5.1385869053414135,0.0,0.24549942378647818,0,14.082896126946613,4.5653088402459145,0.33862204577009813,8.49394726028386,2.1457655474238453,1.447096421432481,4.275693292386105,2.1667788215383545,0.29981752243307996,3.3303096783004906,4.345732360505382,0.0,3.0953816264123866
172,173,24.46332839938825,0.9999853374220113,78.32209028814555,5.117096699630633,0.0,0.24549942378647818,0,13.922440610517024,4.581284450353895,0.34015299392960713,8.513738671768383,2.1545798041473683,1.4532774175188807,4.274955296229494,2.1738354579310446,0.3012459218366854,3.3366162084227207,4.344631165071532,0.0,3.0953816264123866
173,174,24.57303220600866,0.9999857667089375,73.71927174257954,5.257004960824284,0.0,0.24549942378647818,0,13.764236562327284,4.596963301036619,0.3416659189706464,8.53288653147131,2.1632690649343314,1.4593769342246756,4.274258496444583,2.180866077267129,0.3026735502755814,3.3428758648866284,4.343535973659875,0.0,3.0953816264123866
174,175,24.630950595008883,0.9999861738381609,65.77248708159757,5.136375147408426,0.0,0.24549942378647818,0,13.60825196394203,4.612349678870048,0.3431610733772406,8.551401183207792,2.1718350845136642,1.4653961121562642,4.273602216121109,2.1878709033529224,0.30410042270672005,3.3490892331607087,4.3424473313302405,0.0,3.0953816264123866
175,176,24.548203511706596,0.9999865601889403,69.4945980162592,4.986413512219029,0.0,0.24549942378647818,0,13.454455252652153,4.627447809358221,0.34463870604325525,8.569292819410952,2.1802795926771927,1.4713360757083451,4.2729857885859674,2.1948501569975023,0.30552655384030936,3.3552568903232527,4.341365764112281,0.0,3.0953816264123866
176,177,24.409574493664316,0.9999869270383547,77.12636279237893,5.035178711529774,0.0,0.24549942378647818,0,13.302815314987994,4.642261857802615,0.34609906232349574,8.58657148330146,2.188604294634547,1.4771979332946492,4.2724085572500705,2.2018040560567442,0.30695195814355225,3.3613794051861463,4.3402917794619835,0.0,3.0953816264123866
177,178,24.341189301019792,0.999987275569923,82.11735741366269,5.054305477439807,0.0,0.24549942378647818,0,13.153301480324853,4.6567959301591175,0.3475423840840795,8.603247071026198,2.1968108713630174,1.48298277757539,4.271869875457498,2.2087328154767,0.30837664984433,3.367457338416825,4.33922586670867,0.0,3.0953816264123866
178,179,24.253312864505386,0.9999876068814137,72.30177614006078,4.929966872732729,0.0,0.24549942378647818,0,13.005883514579535,4.671054073882811,0.3489689097520905,8.619329333766414,2.2049009799524293,1.488691685681476,4.271369106336893,2.215636647336329,0.30980064293483056,3.373491242658418,4.338168497492661,0.0,3.0953816264123866
179,180,24.049359637951206,0.999987921991924,71.01213980004681,5.153376369872145,0.0,0.24549942378647818,0,12.860531613996613,4.685040278760725,0.3503788743645276,8.634827879815823,2.21287625394511,1.4943257194355306,4.270905622655084,2.222515760889595,0.31122395117512247,3.3794816626481046,4.337120126193791,0.0,3.0953816264123866
180,181,23.775085106392705,0.9999882218168952,68.82010476526388,5.011790727604983,0.0,0.24357383410498862,0,12.717216399023132,4.698758477732739,0.35177250961655576,8.649752176629072,2.220738303671016,1.499885925569767,4.270100446247267,2.2293697276722413,0.31264651996406834,3.3854278685323544,4.336078217158649,0.0,3.0953816264123866
181,182,23.446213999387357,0.9999885072093982,61.65010851105691,5.0716800486814915,0.0,0.24357383410498862,0,12.575908908270504,4.712212547700804,0.35315004390907073,8.664111552840994,2.2284887165780933,1.5053733359407615,4.269336501922039,2.2361981308985786,0.31406829575173506,3.3913291571734288,4.335040334585948,0.0,3.0953816264123866
182,183,23.131095357749597,0.9999887789943889,71.28606694495184,4.941631855311702,0.0,0.24357383410498862,0,12.436580592562366,4.725406310326632,0.35451170239558627,8.677915200257079,2.2361290575579287,1.5107889677411699,4.268613114247048,2.2430011929791913,0.31548929351608973,3.3971861012269517,4.334007055033089,0.0,3.0953816264123866
183,184,22.93290337543142,0.9999890379400139,83.33192913676967,4.999988993488203,0.0,0.24357383410498862,0,12.299203309067128,4.738343532818048,0.3558577070284546,8.691172175815542,2.2436608692667726,1.5161338237084305,4.267929618000814,2.249779133337,0.3169095279888739,3.402999265053627,4.332978935557608,0.0,3.0953816264123866
184,185,22.784562991600055,0.9999892847620763,69.71305580014331,5.088075519078662,0.0,0.24357383410498862,0,12.16374931551407,4.7510279287041355,0.3571882766044285,8.70389140352142,2.251085672441987,1.5214088923304958,4.26728535802,2.2565321684511765,0.3183290136593335,3.4087692048422222,4.331956514180622,0.0,3.0953816264123866
185,186,22.71254652036473,0.9999895201281059,66.71665925217542,5.211472501077858,0.0,0.24357383410498862,0,12.030191264491748,4.763463158599361,0.35850362680957476,8.71608167635309,2.2584049662139964,1.526615148048636,4.266679689048947,2.2632605119004063,0.3197477647778925,3.414496468730726,4.330940310340666,0.0,3.0953816264123866
186,187,22.76029270445766,0.9999897446610783,72.49965334107267,5.048856302350306,0.0,0.24357383410498862,0,11.89850219782757,4.7756528309568065,0.359803970263549,8.727751658141601,2.2656202284137876,1.531753551457357,4.266111975591466,2.269964374405502,0.32116579535977197,3.420181596925696,4.32993082533809,0.0,3.0953816264123866
187,188,22.74984261023367,0.9999899589428094,62.085529250007006,4.991924592701456,0.0,0.24357383410498862,0,11.768655541047366,4.787600502810696,0.36108951656323923,8.73890988542319,2.272732915876044,1.5368250495014706,4.265581591764842,2.2766439638713867,0.3225831191885549,3.42582512181983,4.328928542770213,0.0,3.0953816264123866
188,189,22.678979934293753,0.9999901635170629,72.66359605222324,5.000933568357193,0.0,0.24357383410498862,0,11.640625097913816,4.7993096805083395,0.3623604723257895,8.749564769265394,2.2797444647379566,1.5418305756703612,4.265087921156014,2.28329948542845,0.32399974981969765,3.4314275681077873,4.327933928957396,0.0,3.0953816264123866
189,190,22.53747143464998,0.9999903588923926,71.29886815010637,5.011032653531065,0.0,0.24357383410498862,0,11.514385045042633,4.810783820431669,0.36361704123101,8.759724597067104,2.286656290733787,1.5467710501894878,4.264630356679911,2.289931141473285,0.32541570058398855,3.4369894529002813,4.326947433360229,0.0,3.0953816264123866
190,191,22.222499638273973,0.9999905455206382,76.63743422051171,4.7739119247672654,0.0,0.2417099932497877,0,11.389909926595367,4.8220263297085,0.3648594240631841,8.76939753433296,2.293469789485235,1.551647380209158,4.263842073083133,2.2965385171348927,0.3268309186431906,3.4425100596582547,4.325966611138498,0.0,3.0953816264123866
191,192,21.84720832694015,0.999990723825994,70.35467146341442,4.865039990353592,0.0,0.2417099932497877,0,11.267174649047753,4.833040566913662,0.3660878187522801,8.778591626422427,2.300186336787673,1.5564604599906164,4.263093715769232,2.3031212088469393,0.3282453521765686,3.447988697769287,4.324989113954028,0.0,3.0953816264123866
192,193,21.56421753756456,0.999990894229765,61.77374502387685,5.007589577307191,0.0,0.2417099932497877,0,11.14615447603254,4.843829842760165,0.36730242041457634,8.787314800273935,2.306807288892308,1.5612111710894858,4.2623846309963165,2.3096794317425386,0.3296590156937771,3.4534259115699277,4.324015509082772,0.0,3.0953816264123866
193,194,21.392313761180404,0.9999910571269232,77.20729120781463,4.993903658885684,0.0,0.2417099932497877,0,11.026825023255702,4.854397420780509,0.3685034213927084,8.795574866104413,2.3133339827843264,1.5659003825365938,4.261714174904882,2.3162133980635367,0.33107192346614767,3.4588222374344433,4.323046344782608,0.0,3.0953816264123866
194,195,21.188226744998996,0.9999912128879881,67.48951316220734,4.94622010459736,0.0,0.2417099932497877,0,10.909162253485041,4.86474651799831,0.3696910112951458,8.803379519084597,2.319767736457079,1.5705289510162277,4.261081713369986,2.322723317203012,0.33248408953029857,3.464178203893408,4.322082150744162,0.0,3.0953816264123866
195,196,21.001787632343248,0.9999913618607548,72.65708988481852,4.971399481927758,0.0,0.2417099932497877,0,10.793142471610103,4.874880305590361,0.3708653770351071,8.810736340990436,2.326109849182364,1.5750977210418522,4.260486621855632,2.3292093957471454,0.3338955276916905,3.469494331750527,4.321123438532274,0.0,3.0953816264123866
196,197,20.83817676777291,0.9999915043718857,72.52140488863355,4.972246072661784,0.0,0.2417099932497877,0,10.678742319772418,4.8848019095392665,0.37202670286892087,8.817652801830935,2.332361601776863,1.5796075251293256,4.2599282852713305,2.335671837516462,0.33530625152812926,3.4747711341977103,4.320170702018311,0.0,3.0953816264123866
197,198,20.789294874706165,0.999991640728376,64.51031207451511,5.005216907362721,0.0,0.2417099932497877,0,10.565938772565053,4.89451441127679,0.3731751704338408,8.824136261452788,2.338524256864785,1.5840591839676499,4.2594060978307935,2.3421108436064633,0.33671627439321566,3.480009116928433,4.319224417803489,0.0,3.0953816264123866
198,199,20.887477315874328,0.9999917712189056,67.071436235709,4.895460712365306,0.0,0.2417099932497877,0,10.454709132300504,4.904020848318049,0.37431095878532267,8.830193971122116,2.3445990591367702,1.5884535065872913,4.258919462912754,2.3485266124276505,0.33812560941974407,3.4852087782494006,4.318285045633378,0.0,3.0953816264123866
199,200,21.127966345971913,0.9999918961150852,64.73092061009048,5.084910033705327,0.0,0.2417099932497877,0,10.34503102434593,4.913324214886668,0.3754342444337702,8.835833075083642,2.3505872356051096,1.5927912905261046,4.258467792923851,2.354919339744953,0.33953426952305027,3.49037060919055,4.317353028803771,0.0,3.0953816264123866
200,201,21.314475624505725,0.9999920156531199,59.050243831582186,5.044969652372693,0.0,0.23990589063632045,0,10.236882392524802,4.922427462531052,0.3765452013807584,8.841060612097627,2.3564899958553336,1.5970733219928954,4.257696019814537,2.3612886238404376,0.34094220357024524,3.4954939067356063,4.316426008946964,0.0,3.0953816264123866
201,202,21.430199079797642,0.9999921300560806,70.95573923446861,5.135080501665119,0.0,0.23990589063632045,0,10.130241494583993,4.931333500731871,0.3776440011547412,8.845883516954878,2.362308532294216,1.6013003760286544,4.25696290940893,2.3676340739391004,0.34234936141333744,3.500577993027187,4.315501720977924,0.0,3.0953816264123866
202,203,21.60954744066199,0.999992239553355,70.8829880879017,4.930427077983383,0.0,0.23990589063632045,0,10.0250868977254,4.940045197500912,0.3787308128462506,8.850308621970132,2.3680440203942497,1.605473216665497,4.256267828949037,2.3739558981359408,0.3437557571087666,3.505623385638151,4.3145807218525505,0.0,3.0953816264123866
203,204,21.845454452017606,0.9999923443611723,67.23556635085143,5.0471194747136146,0.0,0.23990589063632045,0,9.921397474201155,4.948565379971394,0.3798058031425949,8.854342658454165,2.3736976189346453,1.6095925970833407,4.255610155241469,2.380254301727937,0.3451614044822947,3.5106305944966536,4.313663549995742,0.0,3.0953816264123866
204,205,21.943720847816866,0.999992444683459,63.863706320684784,4.989237872865461,0.0,0.23990589063632045,0,9.81915239697155,4.956896834979888,0.3808691363620631,8.857992258164858,2.379270470238894,1.6136592597643515,4.25498927451438,2.386529487255182,0.34656631713249936,3.5156001220005133,4.312750725739662,0.0,3.0953816264123866
205,206,22.017452068952927,0.999992540712636,70.5196677016141,5.006977353508176,0.0,0.23990589063632045,0,9.71833113542475,4.965042309639955,0.38192097448764256,8.861263954737597,2.384763700408953,1.6176739366451929,4.254404582276522,2.392781654541401,0.34797050843421545,3.5205324631298693,4.311842751752931,0.0,3.0953816264123866
206,207,22.23165144982732,0.9999926326303539,69.68691416921287,4.827054044817306,0.0,0.23990589063632045,0,9.618913451157455,4.973004511907609,0.38296147720025636,8.864164185095238,2.390178419556096,1.6216373492671066,4.2538554831784285,2.399011000733872,0.34937399154192494,3.5254281055581522,4.310940113460927,0.0,3.0953816264123866
207,208,22.513308743796653,0.9999927206081781,69.46134592742864,4.893617760593534,0.0,0.23990589063632045,0,9.520879393815601,4.9807861111387455,0.38399080191152796,8.866699290837971,2.3955157220284775,1.6255502089238583,4.2533413908756526,2.4052177203427454,0.3507767793930961,3.5302875297613934,4.310043279457343,0.0,3.0953816264123866
208,209,22.842188793708182,0.9999928048082215,59.10832720164931,5.004340901226451,0.0,0.23990589063632045,0,9.424209296994265,4.988389738638621,0.3850091037960791,8.86887551961335,2.4007766866354614,1.6294132168075774,4.252861727894058,2.4114020052797827,0.35217888471147263,3.535111209125904,4.309152701907198,0.0,3.0953816264123866
209,210,23.14754080139779,0.9999928853837345,73.59736870557323,5.0469801258593625,0.0,0.23990589063632045,0,9.328883774195944,4.995817988203524,0.3860165358233683,8.87069902646677,2.40596237686875,1.6332270641525197,4.2524159254971226,2.417564044896514,0.3535803200103138,3.539899610054337,4.308268816941452,0.0,3.0953816264123866
210,211,23.366982792335303,0.999992962463196,66.15615642416894,5.059390951751468,0.0,0.23815958126728753,0,9.234883714846358,5.003073416654726,0.387013248789076,8.87217587517267,2.4110738411203725,1.6369924323767853,4.251660290040072,2.4237034502021677,0.35498103580640494,3.54465204321322,4.307389348667505,0.0,3.0953816264123866
211,212,23.573983611156066,0.9999930361684745,76.50408301664396,5.0437307621465255,0.0,0.23815958126728753,0,9.142190280366952,5.010158544364838,0.387999391346043,8.87331203954676,2.4161121128975647,1.6407099932220177,4.250942094550593,2.4298198427989304,0.35638098356988523,3.5493678436812166,4.306512111379355,0.0,3.0953816264123866
212,213,23.889163835999888,0.9999931066310556,70.33467215782402,4.96606366677489,0.0,0.23815958126728753,0,9.050784900303329,5.01707585577667,0.3889751100347686,8.874113404739498,2.421078211034595,1.6443804088911163,4.250260726571173,2.4359134239751614,0.3577801769185856,3.554047503731202,4.305637650903553,0.0,3.0953816264123866
213,214,24.310820091788774,0.9999931739754044,71.89182283585258,4.928203713036485,0.0,0.23815958126728753,0,8.960649268508766,5.02382779991471,0.3899405493134743,8.874585768511128,2.4259731399015734,1.648004332183987,4.249615582901484,2.441984392311402,0.35917862924705507,3.5586915082946304,4.304766495024769,0.0,3.0953816264123866
214,215,24.78219794651046,0.9999932383193861,75.27273553444007,4.812298814407525,0.0,0.23815958126728753,0,8.871765339382062,5.030416790889319,0.3908958515877403,8.874734842488515,2.4307978896102855,1.6515824066313622,4.249006069459915,2.4480329437201878,0.3605763537299426,3.563300335071846,4.303899153911636,0.0,3.0953816264123866
215,216,25.185870713674078,0.9999932997746563,71.88111106033031,5.031424871594913,0.0,0.23815958126728753,0,8.784115324158947,5.036845208393752,0.39184115723971924,8.874566253404039,2.435553436217103,1.6551152666267144,4.24843160114717,2.454059271485263,0.3619733633253275,3.567874454640736,4.303036120533794,0.0,3.0953816264123866
216,217,25.5256951777825,0.9999933584470269,62.655417647078536,5.097613317178268,0.0,0.23815958126728753,0,8.697681687256262,5.0431153981941,0.39277660465693476,8.874085544316815,2.440240741922999,1.6586035375562924,4.247891601711903,2.460063566300219,0.3633696707780003,3.572414330563754,4.302177871070286,0.0,3.0953816264123866
217,218,25.907464777854116,0.9999934144368058,64.42201393267338,4.920111845435516,0.0,0.23815958126728753,0,8.61244714266819,5.049229672612266,0.39370233026067003,8.873298175816489,2.4448607552707213,1.6620478359273083,4.247385503618358,2.466046016306547,0.36476528862269525,3.576920419493343,4.301324865309479,0.0,3.0953816264123866
218,219,26.2739640595001,0.9999934678391156,74.63707662723358,5.024893990810578,0.0,0.23815958126728753,0,8.528394650413775,5.055190311002053,0.39461846853395177,8.872209527209838,2.4494144113391587,1.6654487694942977,4.246912747915993,2.472006807131131,0.36616022918727315,3.5813931712757765,4.300477547040693,0.0,3.0953816264123866
219,220,26.593408839497748,0.9999935187441894,63.65832840274972,4.958283302100606,0.0,0.23815958126728753,0,8.445507413035012,5.060999560218491,0.3955251520491368,8.870824897690449,2.4539026319349375,1.6688069373836822,4.2464727841110435,2.4779461219231806,0.36755450459585765,3.5858330290534415,4.299636344437656,0.0,3.0953816264123866
220,221,26.866032295991406,0.9999935672232264,57.45094588726296,4.84348226073989,0.0,0.23646918359264948,0,8.363768872144783,5.0666596350804705,0.39642251149510493,8.869149507491693,2.4583263257812944,1.6721229302165599,4.245732922651706,2.4838635840069996,0.3689480669610509,3.590239317291667,4.298799060388147,0.0,3.0953816264123866
221,222,27.01708702913335,0.9999936133439273,68.71846632067202,5.031250322437997,0.0,0.23646918359264948,0,8.283162705023928,5.072172718826801,0.3973106757040656,8.867188499023248,2.4626863887042583,1.675397330229746,4.245029317935178,2.4897588269612707,0.3703408693182929,3.5946113841417278,4.297963584987055,0.0,3.0953816264123866
222,223,26.971680330849427,0.9999936571846625,64.93730386640307,5.030182050016166,0.0,0.23646918359264948,0,8.20367282126675,5.077540963565767,0.39818977167798236,8.864946937991398,2.4669837038161844,1.6786307113950922,4.244361377143382,2.4956320454915666,0.3717329248609357,3.5989496979541866,4.297130452315627,0.0,3.0953816264123866
223,224,26.806891809522018,0.9999936988198321,58.67205170591446,4.8181713203988465,0.0,0.23646918359264948,0,8.125283359474276,5.082766490718296,0.3990599246146218,8.862429814503342,2.4712191416966744,1.6818236395371078,4.243728516418029,2.501483431682902,0.3731242465662049,3.6032547200279015,4.296300178901718,0.0,3.0953816264123866
224,225,26.58505991380484,0.9999937383200841,72.42983662177818,4.830212971326582,0.0,0.23646918359264948,0,8.047978683994584,5.087851391454811,0.399921257933231,8.859642044155736,2.4753935605709225,1.6849766724489044,4.243130160726595,2.5073131750382633,0.3745148471984728,3.607526904716428,4.295473264133391,0.0,3.0953816264123866
225,226,26.21150159300507,0.9999937757525181,78.23629251084286,4.742712005189346,0.0,0.23646918359264948,0,7.971743381709525,5.0927977271258715,0.40077389329985036,8.856588469107695,2.4795078064855205,1.6880903600064934,4.242565743730306,2.513121462516565,0.37590473931248175,3.611766699532829,4.294650190663957,0.0,3.0953816264123866
226,227,25.582573489987542,0.9999938111808787,70.85520953556029,5.072699396981998,0.0,0.23646918359264948,0,7.896562258867181,5.097607529686672,0.4016179506522652,8.853273859138486,2.483562713481765,1.6911652442814542,4.242034707654081,2.5189084785700424,0.37729393525652,3.6159745452529024,4.293831424808634,0.0,3.0953816264123866
227,228,24.885900079889034,0.9999938446657327,66.02858278577882,4.929662563317099,0.0,0.23646918359264948,0,7.822420337959424,5.102282802115514,0.40245354822460283,8.849702912690113,2.4875591037664924,1.694201859652,4.241536503158442,2.524674405181085,0.3786824471755497,3.6201508760168677,4.293017416932981,0.0,3.0953816264123866
228,229,24.11728095132092,0.9999938762646395,66.18371797917396,4.967607355510283,0.0,0.23646918359264948,0,7.749302854643899,5.10682551882631,0.4032808025715794,8.845880257895011,2.491497787880488,1.697200732912462,4.241070589213309,2.530419421898521,0.38007028701428824,3.6242961194295167,4.2922086018332815,0.0,3.0953816264123866
229,230,23.299147191236223,0.9999939060323082,62.493126403689956,4.892451932393579,0.0,0.23646918359264948,0,7.677195254709838,5.111237626075219,0.4040998285924015,8.841810453589092,2.4953795648644914,1.7001623833812156,4.240636432973705,2.5361437058733634,0.381457466520243,3.6284106966588676,4.291405399109,0.0,3.0953816264123866
230,231,22.46256668294619,0.9999939340076955,68.0576469236683,4.974711486216001,0.0,0.2348328774394555,0,7.606083191087051,5.115521042361499,0.4049107395543275,8.837497990310302,2.4992052224228463,1.7030873230070702,4.239911990748824,2.5418468923462885,0.3828439393497337,3.632493946044983,4.290605687001261,0.0,3.0953816264123866
231,232,21.509173809142514,0.9999939602278178,68.7565240943088,5.098239221211111,0.0,0.2348328774394555,0,7.535952520897498,5.119677658822646,0.40571364711589364,8.83294729128293,2.5029755370848137,1.7059760564741444,4.239222660265897,2.5475286264847834,0.3842296600523952,3.636545228907815,4.289807428089299,0.0,3.0953816264123866
232,233,20.60726442099611,0.9999939847405716,62.45201342540338,4.843654167737373,0.0,0.2348328774394555,0,7.466789302548825,5.123709339623909,0.40650866134980956,8.828162713387869,2.506691274363596,1.7088290813052496,4.238567867706879,2.5531890966281243,0.38561464141077095,3.6405649909725484,4.289011144255792,0.0,3.0953816264123866
233,234,19.78019517697469,0.9999940075914829,66.74711629184418,5.016716191561336,0.0,0.2348328774394555,0,7.398579792869277,5.127617922342272,0.4072958907655279,8.823148548119015,2.510353188913091,1.7116468879638,4.237947047925803,2.5588284885794397,0.38699889599820064,3.6445536711894886,4.2882173403156925,0.0,3.0953816264123866
234,235,19.134001672745057,0.9999940288238268,64.88894399586545,4.864818735373807,0.0,0.2348328774394555,0,7.331310444283379,5.13140521834495,0.40807544233149257,8.817909022526006,2.513962024682421,1.714429959954275,4.237359644319062,2.5644469856430008,0.3883824361819877,3.6485117018367093,4.287426504417757,0.0,3.0953816264123866
235,236,18.775186150498744,0.99999404847874,66.78209521505775,5.099065804440615,0.0,0.2348328774394555,0,7.264967902027841,5.13507301316252,0.4088474214970702,8.812448300143513,2.517518515068256,1.7171787739212476,4.236805108697631,2.5700447686609613,0.38976527412651985,3.6524395086211605,4.286639108437783,0.0,3.0953816264123866
236,237,18.674271577045843,0.999994066595326,70.62135309469106,4.847521229370751,0.0,0.2348328774394555,0,7.199539001407067,5.138623066856724,0.4096119322141698,8.806770481907247,2.521023383064975,1.7198937997470076,4.236282901161202,2.575622016049545,0.3911474217963426,3.6563375107782545,4.285855608363712,0.0,3.0953816264123866
237,238,18.784377778669125,0.9999940832107551,74.4377078563313,4.868888185336422,0.0,0.2348328774394555,0,7.135010765087746,5.142057114383041,0.4103690769585547,8.800879607056888,2.524477341412685,1.7225755006477916,4.235792489974187,2.5811789038346977,0.3925288909591868,3.6602061211699537,4.28507644467276,0.0,3.0953816264123866
238,239,18.958766775937256,0.9999940983603581,68.90166405341581,4.74076868480151,0.0,0.2348328774394555,0,7.071370400431947,5.145376865948106,0.41111895675085036,8.794779654026124,2.5278810927431357,1.725224333268646,4.235333351443585,2.5867156056872056,0.39390969318895086,3.66404574638138,4.28430204270072,0.0,3.0953816264123866
239,240,19.27445659048845,0.999994112077714,67.02975526029314,4.935574970652915,0.0,0.2348328774394555,0,7.008605296868176,5.14858400736203,0.41186167117725425,8.788474541319973,2.5312353297235566,1.7278407477769377,4.23490496979867,2.5922322929572923,0.3952898398686387,3.6678567868159746,4.283532813003598,0.0,3.0953816264123866
240,241,19.732996212581924,0.9999941243825953,69.63966074815636,4.920975708096029,0.0,0.23324890200922302,0,6.946703023299848,5.151680200385709,0.4125973184099501,8.781968128379576,2.534540735198447,1.7304251879545351,4.234195600663322,2.597728612416247,0.3966692861478891,3.671638594728058,4.2827667059863455,0.0,3.0953816264123866
241,242,20.19029444326229,0.9999941352936409,65.1425915810861,4.90565524224335,0.0,0.23324890200922302,0,6.885651325550658,5.154667083073195,0.4133259952272321,8.775264216434646,2.537797982329347,1.7329780912886765,4.233520235248168,2.603204220445257,0.3980479880410941,3.6753905446654906,4.282001753627927,0.0,3.0953816264123866
242,243,20.67546740696875,0.9999941448403046,69.03320885545484,4.987947902757918,0.0,0.23324890200922302,0,6.825438123846301,5.157546270109188,0.4140477970333424,8.768366549343721,2.541007734732622,1.7354998890615454,4.232878318116698,2.6086592992266695,0.39942595793321417,3.679113060949232,4.281238465295805,0.0,3.0953816264123866
243,244,21.1733854028231,0.999994153050548,71.35842825660936,4.838754011586529,0.0,0.23324890200922302,0,6.766051510332052,5.160319353141721,0.41476281787802605,8.761278814422441,2.54417064661528,1.7379910064385702,4.232269302226145,2.6140940284883385,0.40080320800670327,3.6828065613899374,4.280477333770723,0.0,3.0953816264123866
244,245,21.66056037288702,0.9999941599509096,68.32200576690542,4.815585385448087,0.0,0.23324890200922302,0,6.707479746625667,5.162987901110115,0.41547115047580824,8.754004643259972,2.547287362908863,1.7404518625554672,4.231692648801936,2.619508585539719,0.4021797502445747,3.6864714573870017,4.2797188356364035,0.0,3.0953816264123866
245,246,21.992465829818414,0.9999941655665691,68.18771737320375,5.07947291533594,0.0,0.23324890200922302,0,6.649711261405126,5.165553460568269,0.4161728862249965,8.746547612523784,2.550358519401426,1.7428828706040458,4.231147827214013,2.6249031453074267,0.40355559643342137,3.6901081540261074,4.278963431661183,0.0,3.0953816264123866
246,247,22.06792586446431,0.9999941699214078,68.50929085187914,4.8853458315986265,0.0,0.23324890200922302,0,6.592734648030706,5.168017556003338,0.41686811522641276,8.73891124475292,2.553384742867643,1.7452844379167904,4.230634314855006,2.630277880370262,0.40493075816639074,3.693717050175304,4.278211567171775,0.0,3.0953816264123866
247,248,22.0300795635287,0.9999941730380673,69.78043448914975,4.902634866604372,0.0,0.23324890200922302,0,6.5365386622009085,5.170381690149885,0.4175569263018586,8.731099009139932,2.556366651197057,1.7476569660502403,4.230151597020222,2.6356329609937172,0.40630524684611524,3.697298538579638,4.2774636724192865,0.0,3.0953816264123866
248,249,22.057663658804994,0.999994174938002,69.90909884802336,4.922020763362252,0.0,0.23324890200922302,0,6.481112219641746,5.172647344299549,0.4182394070123178,8.723114322301658,2.5593048535205076,1.750000850867181,4.229699166789429,2.6409685551639686,0.4076790736875988,3.70085300595436,4.276720162937652,0.0,3.0953816264123866
249,250,22.08320552136519,0.9999941756415327,66.62065381889381,4.98954648736916,0.0,0.23324890200922302,0,6.4264443938289215,5.1748159786063255,0.41891564367589995,8.714960549038976,2.5621999503347563,1.7523164826176671,4.229276524910405,2.646284828621359,0.4090522497210605,3.704380833076721,4.275981439894625,0.0,3.0953816264123866
250,251,22.102243037360665,0.9999941751563299,74.14551418169671,4.908001787787082,0.0,0.23171555394065615,0,6.372524413742431,5.176889032387476,0.419585721385528,8.706641003085705,2.565052533625339,1.754604246018892,4.228581891079796,2.6515814392945596,0.41042473154070497,3.707881386121806,4.275245522880896,0.0,3.0953816264123866
251,252,22.076542231877827,0.9999941734893574,75.34990071980083,4.973263953350315,0.0,0.23171555394065615,0,6.319341661653129,5.178867924420175,0.42024972402637517,8.698158947846808,2.5678631869876725,1.7568645203339182,4.227920188723029,2.656858054415533,0.41179647657785784,3.711354052891167,4.274510510396889,0.0,3.0953816264123866
252,253,22.099379072155067,0.9999941706582843,69.77083110795827,5.064086351463127,0.0,0.23171555394065615,0,6.266885670940795,5.180754053233926,0.4209077342930523,8.689517597126047,2.5706324857464313,1.7590976794492905,4.227290880186862,2.6621148502121796,0.41316749683269244,3.7147992374515457,4.27377689909258,0.0,3.0953816264123866
253,254,22.20716961824615,0.9999941666797892,74.60927482963436,4.848452278991408,0.0,0.23171555394065615,0,6.215146123943264,5.182548797398812,0.42155983370655165,8.680720115843231,2.573360997073232,1.7613040919515426,4.22669343594253,2.6673520005368956,0.4145378041093547,3.7182173376123226,4.2730451695061245,0.0,3.0953816264123866
254,255,22.32168336556813,0.9999941615695999,71.3527193537094,4.891448655863365,0.0,0.23171555394065615,0,6.164112849836171,5.18425351580965,0.4222061026309492,8.67176962074123,2.576049280102638,1.7634841212026142,4.226127334464223,2.672569676901513,0.41590741001893083,3.7216087450210886,4.272315786441936,0.0,3.0953816264123866
255,256,22.537107999791147,0.9999941553425326,72.67132018921389,5.091507144113977,0.0,0.23171555394065615,0,6.113775822542865,5.1858695479660994,0.422846620289869,8.662669181082867,2.5786978860465135,1.7656381254141962,4.22559206210938,2.677768048511711,0.4172763259823708,3.724973845257769,4.271589199340969,0.0,3.0953816264123866
256,257,22.786708574585294,0.9999941480125276,68.52552833911236,4.905958753534474,0.0,0.23171555394065615,0,6.064125158674095,5.187398214248777,0.4234814647827132,8.653421819337874,2.581307358306752,1.7677664577210166,4.225087113000762,2.6829472823009235,0.41864456323336774,3.728313017927333,4.270865842643351,0.0,3.0953816264123866
257,258,23.020793125274874,0.9999941395926848,65.48339405321944,4.698160220824609,0.0,0.23171555394065615,0,6.015151115497001,5.188840816191449,0.42411071310066134,8.64403051186,2.5838782325863994,1.7698694662530832,4.224611988910306,2.688107542963733,0.42001213282119426,3.7316266367510984,4.270146136143515,0.0,3.0953816264123866
258,259,23.219907562714386,0.9999941300952947,58.968797976139314,4.9132412775412915,0.0,0.23171555394065615,0,5.966844088933026,5.190198636749346,0.4247344411424417,8.634498189554469,2.5864110369991935,1.771947494206899,4.224166199144692,2.693248992988773,0.4213790456134968,3.7349150696566618,4.269430485337973,0.0,3.0953816264123866
259,260,23.328480074419538,0.9999941195318707,76.7088702676306,4.821375046326665,0.0,0.23171555394065615,0,5.9191946115843255,5.191472940563656,0.42535272372987815,8.624827738535883,2.5889062921775463,1.7740008799156624,4.223749260432634,2.6983717926911366,0.42274531229904744,3.7381786788664666,4.26871928176588,0.0,3.0953816264123866
260,261,23.38083710833632,0.9999941079336631,68.90014131212676,4.756058582841329,0.010990089425284696,0.23023118543558074,0,5.875719972580289,5.192667966788984,0.42596583263913856,8.615028354222837,2.5913658253332104,1.7760308270183354,4.22306903223714,2.7034756107957625,0.42411089086945514,3.7414168444529876,4.268010611414459,0.0,3.0953816264123866
261,262,23.45280012934205,0.9999940953311368,70.43671750961856,4.897860819695706,0.010990089425284696,0.23023118543558074,0,5.832837086327055,5.193787876489615,0.4265740350272673,8.605109044437375,2.5937914315963675,1.7780385182887632,4.222420697880582,2.7085601250342526,0.4254757401267178,3.7446289674669333,4.267302636611508,0.0,3.0953816264123866
262,263,23.52491713923089,0.9999940817335798,63.89601938944932,4.647479239609569,0.010990089425284696,0.23023118543558074,0,5.790537554261263,5.194833791442844,0.42717739727450593,8.595072351032835,2.5961835729667846,1.7800242539301931,4.22180373691427,2.713625505875883,0.4268398716986012,3.747815432804052,4.266595841182751,0.0,3.0953816264123866
263,264,23.582271565853862,0.9999940671496562,80.4281285558987,4.877217848584636,0.010990089425284696,0.23023118543558074,0,5.748813097343124,5.1958068174109595,0.427775984819365,8.584920776770126,2.5985427049018375,1.7819883298929746,4.2212176367534955,2.7186719214908406,0.42820329702311233,3.7509766193446086,4.265890693309664,0.0,3.0953816264123866
264,265,23.639636757533776,0.9999940515874289,78.26548526408044,4.938092036991748,0.010990089425284696,0.23023118543558074,0,5.707655554355133,5.196708044369248,0.428369862172026,8.57465678588456,2.600869276409593,1.783931037935073,4.22066189255991,2.7236995377840385,0.4295660273513719,3.754112900045618,4.265187645896209,0.0,3.0953816264123866
265,266,23.652323653670738,0.9999940350543802,71.78384943793338,4.901819068371001,0.010990089425284696,0.23023118543558074,0,5.667056880225001,5.19753854673075,0.428959092927552,8.564282804644579,2.6031637301405692,1.7858526656817246,4.220136007125654,2.7287085184284288,0.4309280737504439,3.757224642031682,4.264487136927991,0.0,3.0953816264123866
266,267,23.599786011898832,0.9999940175574324,69.65182742269992,4.865996360726752,0.010990089425284696,0.23023118543558074,0,5.62700914437245,5.198299383567814,0.42954373977891125,8.55380122190247,2.605426502478187,1.787753496684241,4.21963949075922,2.733699024897814,0.4322894471061227,3.7603122066844463,4.263789589824013,0.0,3.0953816264123866
267,268,23.472840370095394,0.9999939991029668,71.38746468121988,4.766285382483715,0.010990089425284696,0.23023118543558074,0,5.587504529079553,5.1989915988305055,0.4301238645298143,8.543214389637232,2.6076580236279336,1.7896338104779763,4.219171861173019,2.738671216499178,0.43365015812567886,3.7633759497307167,4.263095413781147,0.0,3.0953816264123866
268,269,23.334088821855627,0.9999939796968417,74.45237563799174,4.864715111076389,0.010990089425284696,0.23023118543558074,0,5.548535327884259,5.199616221561894,0.43069952810736933,8.532524623489659,2.6098587177052606,1.7914938826394704,4.218732643372631,2.743625250404526,0.43501021734056317,3.7664162213292314,4.262405004111481,0.0,3.0953816264123866
269,270,23.308263961911138,0.9999939593444098,73.81581588679849,4.960641993707188,0.010990089425284696,0.23023118543558074,0,5.510093943996789,5.20017426611029,0.43127079057455664,8.521734203289778,2.612029002822226,1.7933339848427783,4.218321369547698,2.7485612816822567,0.43636963510907084,3.7694333661561275,4.261718742572668,0.0,3.0953816264123866
270,271,23.333858626232498,0.9999939386102583,68.71344690563735,5.0476198388594735,0.20084695610857176,0.2287942024460269,0,5.533096265928842,5.200718429765078,0.43184113192293805,8.51095513113419,2.6141919900993282,1.7951694161333653,4.217655225199914,2.7534789895041945,0.4377283707745941,3.772426778130906,4.261034778928608,0.0,3.0953816264123866
271,272,23.258786335356604,0.99999391805664,65.66838749501446,4.8073264023544136,0.20084695610857176,0.2287942024460269,0,5.55579503632279,5.201300353940136,0.43241396958580003,8.500296885082863,2.616370356195609,1.797015192954753,4.217019970541971,2.7583780617618454,0.43908638446505155,3.7753958715214893,4.260351336805413,0.0,3.0953816264123866
272,273,23.17102454898923,0.9999938976849936,69.04663575621817,4.796524229259013,0.20084695610857176,0.2287942024460269,0,5.578194558697551,5.201919464500044,0.43298926951409833,8.489757948145114,2.618563865622331,1.7988711618377333,4.216415101769923,2.7632586633552485,0.44044368744777956,3.7783410130731383,4.259668887177193,0.0,3.0953816264123866
273,274,23.197945414951498,0.9999938774967021,75.31480449938746,5.002894840994455,0.20084695610857176,0.2287942024460269,0,5.600299075330774,5.202575195514511,0.43356699814134636,8.479336824132403,2.620772286242229,1.8007371714921558,4.2158401226918025,2.7681209569592746,0.44180029080641997,3.781262563746996,4.2589878858331325,0.0,3.0953816264123866
274,275,23.153849943178436,0.9999938574930921,74.37328367068719,4.784984927187109,0.20084695610857176,0.2287942024460269,0,5.622112768130541,5.203266989141552,0.4341471223767485,8.469032037365135,2.6229953892218147,1.8026130727759215,4.215294544613759,2.7729651030563573,0.4431562054437011,3.784160878809103,4.258308773733125,0.0,3.0953816264123866
275,276,23.135327101850837,0.9999938376754354,71.45349716247559,4.779297281775068,0.20084695610857176,0.2287942024460269,0,5.643639759494656,5.20399429551233,0.43472960959843127,8.458842132383603,2.6252329489843644,1.804498718664417,4.214777886227908,2.7777912599687347,0.4445114420841762,3.7870363079180653,4.257631977356068,0.0,3.0953816264123866
276,277,23.211341280384488,0.9999938180449494,70.14516672169728,4.973112402293548,0.20084695610857176,0.2287942024460269,0,5.6648841131577035,5.204756572617637,0.43531442764677014,8.448765673663068,2.6274847431635706,1.806393964220385,4.21428967350185,2.7825995838902124,0.44586601127692166,3.789889195211401,4.256957909040981,0.0,3.0953816264123866
277,278,23.329556998304966,0.9999937986027975,72.37546942134055,5.020007277268238,0.20084695610857176,0.2287942024460269,0,5.68584983502605,5.205553286195985,0.4359015448178122,8.438801245332865,2.629750552557861,1.8082986665642222,4.213829439569843,2.7873902289174546,0.4472199233981944,3.792719879390568,4.256286967321068,0.0,3.0953816264123866
278,279,23.472365790761543,0.9999937793500899,70.23033770723306,4.880699665139943,0.20084695610857176,0.2287942024460269,0,5.706540874000968,5.206383909623301,0.43649092985679183,8.428947450899495,2.6320301610853574,1.8102126848447015,4.2133967246256,2.7921633470808045,0.44857318865404955,3.7955286938047137,4.255619537250868,0.0,3.0953816264123866
279,280,23.5447937839036,0.9999937602878847,64.42787139764833,4.990120482882739,0.20084695610857176,0.2287942024460269,0,5.7269611227900254,5.207247923804182,0.4370825519517389,8.41920291297366,2.6343233557394874,1.812135880210109,4.212991075816682,2.7969190883746506,0.44992581708291934,3.7983159665331483,4.254955990726624,0.0,3.0953816264123866
280,281,23.4469390609222,0.9999937414041278,75.18349668399581,4.724292366033461,0.20021131669814612,0.22740306292046236,0,5.746910447682696,5.208144643982096,0.43767636927443,8.409565905533656,2.6366298505493773,1.814068065455384,4.212338701189341,2.80165714207967,0.451277769335848,3.8010811052677327,4.254294538821458,0.0,3.0953816264123866
281,282,23.369985072415222,0.9999937226869203,72.17495497146692,4.693810299773535,0.20021131669814612,0.22740306292046236,0,5.76659933604115,5.209073396203577,0.43827234063355863,8.400034729461627,2.6389493639675954,1.8160090562519353,4.211716244499938,2.8063772059185714,0.4526290068233855,3.8038235374369216,4.253633464079121,0.0,3.0953816264123866
282,283,23.320313377189667,0.9999937041374756,72.91232219323074,4.773671966911032,0.20021131669814612,0.22740306292046236,0,5.786031477973927,5.210033688496959,0.4388704368147454,8.3906080754439,2.6412816940830375,1.8179587209627832,4.211123218047761,2.8110794394053196,0.4539795404640274,3.8065436125971095,4.252973224660511,0.0,3.0953816264123866
283,284,23.202572008284566,0.9999936857569584,74.38433474364716,4.847693708830219,0.20021131669814612,0.22740306292046236,0,5.805210511079362,5.211025035925619,0.4394706290173887,8.381284652034601,2.6436266418583534,1.8199169298194315,4.21055914150027,2.815763999900219,0.4553293809984422,3.8092416747419295,4.252314263991921,0.0,3.0953816264123866
284,285,23.020709356249558,0.9999936675464853,72.63869777711813,4.920730626344868,0.20021131669814612,0.22740306292046236,0,5.824140021193006,5.212046960487807,0.44007288884877666,8.37206318540413,2.645984011089054,1.8218835548952808,4.210023541782891,2.820431042641597,0.4566785389921632,3.8119180623881803,4.251657011109831,0.0,3.0953816264123866
285,286,22.911707104447288,0.9999936495071257,72.89080803297418,4.829649631678891,0.20021131669814612,0.22740306292046236,0,5.8428235431244095,5.213098991017906,0.44067718831828334,8.362942419091222,2.6483536083632,1.8238584700794214,4.20951595297045,2.825080720777012,0.45802702483823915,3.8145731086604457,4.251001880998618,0.0,3.0953816264123866
286,287,22.893551338395557,0.9999936316399016,69.91360970216914,4.877115321699851,0.20021131669814612,0.22740306292046236,0,5.861264561383408,5.214180663089101,0.44128349983164716,8.353921113758522,2.6507352430216624,1.8258415510507982,4.209035916180239,2.8297131853939987,0.459374848759846,3.8172071413744346,4.250349274921285,0.0,3.0953816264123866
287,288,22.90081821688118,0.9999936139457889,68.60206698331426,4.884884139558677,0.20021131669814612,0.22740306292046236,0,5.879466510896085,5.215291518917422,0.4418917961853311,8.34499804695162,2.653128727118952,1.8278326752527436,4.208582979466675,2.8343285855503533,0.4607220208128593,3.8198204831190545,4.249699580743366,0.0,3.0953816264123866
288,289,22.99132106376305,0.9999935964257181,75.54216748879792,4.885479392092418,0.20021131669814612,0.22740306292046236,0,5.89743277771054,5.216431107267166,0.4425020505609628,8.336172012861525,2.655533875384602,1.8298317218678737,4.208156697717521,2.838927068303971,0.4620685508883881,3.822413451337241,4.249053173250125,0.0,3.0953816264123866
289,290,23.216000282061025,0.999993579080574,62.76766806484246,4.766127776860466,0.20021131669814612,0.22740306292046236,0,5.915166699692598,5.217598983357657,0.4431142365198543,8.327441822090497,2.6579505051851053,1.8318385717933408,4.20775663255168,2.843508778742233,0.4634144487152711,3.824986358405558,4.248410414457189,0.0,3.0953816264123866
290,291,23.447577195155556,0.9999935612460652,75.0969226671843,4.679840161629432,0.0,0.226056275107255,0,5.868425539253594,5.218740191860593,0.44372472065401275,8.318690557885153,2.6603544996015915,1.8338372566226144,4.2071177209654715,2.8480734159276184,0.4647596762095147,3.827538625691729,4.24776957441711,0.0,3.0953816264123866
291,292,23.630599949143363,0.9999935422628855,67.37592795604114,4.707177289333634,0.0,0.226056275107255,0,5.822319596288734,5.219800882123143,0.44432993500898704,8.309803944462805,2.6627221962818846,1.8358121036307598,4.206507786909637,2.852620687096014,0.4661041960224246,3.8300696937058065,4.24712899234455,0.0,3.0953816264123866
292,293,23.820858419381675,0.9999935221388325,70.14829964607772,4.931432820358906,0.0,0.226056275107255,0,5.776839856040023,5.220782258122858,0.4449299508410621,8.300784734146674,2.665054091070232,1.8377634350454137,4.205926358262865,2.8571507465524517,0.46744801873486835,3.832579895721625,4.246489113679756,0.0,3.0953816264123866
293,294,23.927649309383852,0.9999935008810145,71.97478010581302,4.729579187502401,0.0,0.226056275107255,0,5.731977432041759,5.2216855066474555,0.44552483839569695,8.291635637213234,2.6673506727885186,1.839691568529284,4.205372970036152,2.8616637465174812,0.4687911547555633,3.8350695596620987,4.245850369569102,0.0,3.0953816264123866
294,295,24.049657188494017,0.9999934784958732,71.95835778612563,4.841000516286043,0.0,0.226056275107255,0,5.687723564294441,5.222511797539544,0.4461146669219102,8.282359322500941,2.66961242333618,1.841596817245104,4.204847164266123,2.866159837157835,0.4701336143236816,3.837539008182173,4.24521317719934,0.0,3.0953816264123866
295,296,24.16103548813752,0.9999934549892058,72.05919450434352,4.834850833976072,0.0,0.226056275107255,0,5.644069617464653,5.223262283937868,0.44669950468646014,8.272958418010242,2.6718398177886926,1.843479489919663,4.204348489909953,2.8706391666166384,0.4714754075114165,3.8399885587505107,4.244577940124961,0.0,3.0953816264123866
296,297,24.222745057454418,0.999993430366186,59.87169760374414,4.882069185696549,0.0,0.226056275107255,0,5.601007079110592,5.223938102515126,0.4472794189878231,8.26343551149503,2.6740333244946606,1.8453398909069245,4.203876502741843,2.875101881043169,0.47281654422651037,3.842418523729942,4.243945048588815,0.0,3.0953816264123866
297,298,24.249101045813532,0.9999934046313833,68.11063293169853,4.796042526542491,0.0,0.226056275107255,0,5.558527557932834,5.2245403737123866,0.447854476169973,8.253793151045615,2.6761934051715235,1.8471783202502483,4.203430765251056,2.879548124622173,0.4741570342147448,3.84482921045669,4.243314879836106,0.0,3.0953816264123866
298,299,24.329761253478843,0.9999933777887826,69.020155150809,4.734401562919603,0.0,0.226056275107255,0,5.5166227820500096,5.225070201970187,0.44842474163596485,8.24403384566339,2.6783205149999003,1.848995073743724,4.2030108465414715,2.883978039602744,0.4754968870623933,3.8472209213183923,4.242687798421892,0.0,3.0953816264123866
299,300,24.51411838306916,0.9999933498418002,61.58152319841748,4.898707587710967,0.0,0.226056275107255,0,5.47528459729902,5.225528675956325,0.4489902798613246,8.23416006582726,2.680415102716589,1.850790442992633,4.202616322232639,2.8883917663267744,0.47683611219863753,3.8495939538309356,4.242064156512221,0.0,3.0953816264123866
300,301,24.803781223655857,0.9999933207823487,75.79987361925699,4.92197310998312,0.0,0.22475239591348634,0,5.434504965559456,5.225916868790423,0.4495511544072486,8.224174244051982,2.6824776107062474,1.85256471547305,4.201990574253086,2.8927890133221137,0.4781746727631507,3.851947742921862,4.2414422809341294,0.0,3.0953816264123866
301,302,25.123931354280586,0.9999932906019263,63.81529628932865,4.877377931012586,0.0,0.22475239591348634,0,5.394275963101848,5.226235838265286,0.4501074279336149,8.21407877543852,2.684508475091762,1.8543181745905957,4.201392893722364,2.8971694970301347,0.4795125326074863,3.8542817420839164,4.240820565447828,0.0,3.0953816264123866
302,303,25.388948450073396,0.9999932593025093,74.96904064155679,4.80248696042417,0.0,0.22475239591348634,0,5.354589778959451,5.226486627065106,0.4506591622118101,8.203876018216524,2.686508125823338,1.8560510997383537,4.200822823591831,2.9015333667182595,0.48084970198573324,3.8565962691627296,4.240199442909786,0.0,3.0953816264123866
303,304,25.6286510588027,0.9999932268855475,69.34684253973406,4.86459492383791,0.0,0.22475239591348634,0,5.3154387133231875,5.226670262980578,0.4512064181373727,8.19356829427907,2.6884769867663136,1.8577637663539626,4.20027991371697,2.9058807696363465,0.4821861909853219,3.858891636855794,4.239579332313325,0.0,3.0953816264123866
304,305,25.810170341470858,0.9999931933519784,67.6864417155763,4.860212539362097,0.0,0.22475239591348634,0,5.276815175959446,5.226787759120932,0.45174925574245695,8.183157889709726,2.6904154757877325,1.8594564459758955,4.199763720754127,2.910211851046375,0.48352200952954605,3.8611681527925503,4.238960639112601,0.0,3.0953816264123866
305,306,25.775725611731673,0.9999931587022404,62.67077302552355,4.760714725765775,0.0,0.22475239591348634,0,5.238711684650398,5.22684011412296,0.45228773420811924,8.172647055302106,2.6923240048416774,1.861129406298939,4.19927380805879,2.914526754251689,0.48485716738004714,3.8634261196132544,4.238343755539897,0.0,3.0953816264123866
306,307,25.590760054459626,0.999993122936286,68.67084415903005,4.771550598015472,0.0,0.22475239591348634,0,5.2011208636565165,5.226828312357066,0.45282191187642973,8.162038007071976,2.6942029800533924,1.862782911228881,4.198809745585379,2.918825620625802,0.4861916741392614,3.8656658350466433,4.237729060916392,0.0,3.0953816264123866
307,308,25.4830305446627,0.9999930860535929,59.94061886800864,4.7980977250227115,0.0,0.22475239591348634,0,5.164035442200976,5.226753324130379,0.45335184626241143,8.151332926762047,2.6960528018022067,1.8644172209364227,4.198371109788547,2.9231085896407745,0.48752553925283004,3.867887591986419,4.2371169219565,0.0,3.0953816264123866
308,309,25.47970563068565,0.9999930480531777,64.09581963022632,4.914005433991465,0.0,0.22475239591348634,0,5.127448252975632,5.22661610588698,0.4538775940658091,8.14053396233954,2.697873864803279,1.8660325919103207,4.197957483525945,2.927375798895171,0.4888587720119739,3.870091678566571,4.2365076930659304,0.0,3.0953816264123866
309,310,25.40266904652956,0.9999930089336039,72.9951369626332,4.8255647135804365,0.0,0.22475239591348634,0,5.0913522306682575,5.226417600405273,0.45439921118269133,8.129643228486632,2.699666558188179,1.8676292770097738,4.197568455962446,2.9316273841415956,0.49019138155583203,3.8722783782355474,4.235901716633566,0.0,3.0953816264123866
310,311,25.09458573907231,0.9999929686818798,72.2573261857619,4.913400170635783,0.0,0.22349002931732087,0,5.055740410510752,5.226158736992551,0.4549167527168867,8.118662807083899,2.7014312655843176,1.8692075255160645,4.196955579205098,2.9358630630671225,0.4915233322077978,3.874447139347223,4.235297374169626,0.0,3.0953816264123866
311,312,24.69338691223266,0.9999929272846423,58.63289948354904,4.746884182886246,0.0,0.22349002931732087,0,5.02060592684801,5.225840431676796,0.4554302729912577,8.107594747686827,2.703168365193253,1.8707675831834645,4.196369889156103,2.9400825610209123,0.49285458898048845,3.8765974282602813,4.234693111964913,0.0,3.0953816264123866
312,313,24.267110658847233,0.9999928847392369,73.18513397000635,4.585886207994803,0.0,0.22349002931732087,0,4.985942011727161,5.225463587395737,0.4559398255588139,8.09644106799552,2.704878229867878,1.8723096922894162,4.19581094334931,2.944286022398469,0.4941851618117112,3.8787295481976902,4.23408935046495,0.0,3.0953816264123866
313,314,24.063826530735792,0.9999928410425765,73.35923304343228,4.917997155380888,0.0,0.22349002931732087,0,4.951741993506893,5.225029094183226,0.4564454632136672,8.085203754317678,2.7065612271885087,1.8738340916840006,4.195278306001931,2.9484735896424694,0.495515060477928,3.880843797428444,4.233486496672539,0.0,3.0953816264123866
314,315,24.01481275761092,0.9999927961911507,63.33494141218331,4.988649621934252,0.0,0.22349002931732087,0,4.917999295486564,5.224537829352964,0.4569472380018305,8.073884762024955,2.7082177195378927,1.8753410168386992,4.194771547914594,2.9526454032715,0.49684429459669716,3.8829404693448883,4.232884944461728,0.0,3.0953816264123866
315,316,23.961661331851417,0.9999927501810341,61.164213413393625,4.897494702808123,0.0,0.22349002931732087,0,4.88470743455484,5.2239906576796,0.4574452012318638,8.062486016002785,2.709848064175147,1.8768306998944635,4.194290246372866,2.9568016019083627,0.4981728736290779,3.8850198525388677,4.232285074885324,0.0,3.0953816264123866
316,317,23.822947312198394,0.9999927030078933,64.14739910465265,4.7049058688103695,0.0,0.22349002931732087,0,4.85186001985755,5.223388431577265,0.4579394034853675,8.05100941109377,2.711452613308645,1.8783033697091005,4.193833985050255,2.9609423223079583,0.49950080688199927,3.887082230876718,4.231687256476061,0.0,3.0953816264123866
317,318,23.610600920713846,0.9999926546669953,68.3005890452027,4.654790249015684,0.0,0.22349002931732087,0,4.8194507514845215,5.222731991275556,0.4584298946273274,8.03945681253473,2.713031714167867,1.8797592519039819,4.19340235391267,2.965067699384758,0.5008281035105934,3.889127883573109,4.231091845541556,0.0,3.0953816264123866
318,319,23.46612454578575,0.9999926051532135,61.23015984830844,4.9119948232791995,0.0,0.22349002931732087,0,4.787473419175094,5.2220221649930165,0.45891672381631177,8.027830056387492,2.7145857090742243,1.88119856891009,4.192994949124286,2.9691778662398622,0.5021547725204939,3.8911570852637647,4.2304991864531685,0.0,3.0953816264123866
319,320,23.396531486211877,0.9999925544610349,73.21914741316718,4.845797269638327,0.0,0.22349002931732087,0,4.755921901042066,5.221259769108152,0.4593999395145234,8.016130949963513,2.7161149355108796,1.8826215400134085,4.19261137295484,2.973272954187659,0.5034808227701002,3.893170106077076,4.229909611928881,0.0,3.0953816264123866
320,321,23.351884428911784,0.9999925025731379,73.68073873799972,4.776506443763311,0.0,0.22226782483217222,0,4.724790162313799,5.220445608328006,0.45987958949770885,8.004361272242427,2.7176197261915704,1.8840283813996652,4.192011081898094,2.977352689778244,0.5048062197278845,3.895166407644274,4.229321556174653,0.0,3.0953816264123866
321,322,23.31453287789918,0.9999924494718333,64.29321609961731,4.859689656037344,0.0,0.22226782483217222,0,4.694072254094237,5.2195804758543405,0.46035572086492643,7.9925227742846054,2.7191004091284556,1.8854193061984403,4.191437125197598,2.9814168069805387,0.5061309295296235,3.8971454690573135,4.228733516097721,0.0,3.0953816264123866
322,323,23.260432175857986,0.9999923951504799,75.43239197678507,4.851903285743285,0.0,0.22226782483217222,0,4.66376231214056,5.218665153547446,0.4608283800481752,7.980617179637804,2.720557307698994,1.8867945245266453,4.190889074495495,2.9854654454783764,0.5074549618069993,3.8991075796761887,4.228145899934403,0.0,3.0953816264123866
323,324,23.25583675104884,0.999992339602056,65.0620624588169,4.855396272865878,0.0,0.22226782483217222,0,4.633854555658255,5.217700412087626,0.46129761282188686,7.968646184737993,2.7219907407118717,1.8881542435313832,4.190366507903734,2.9894987430653917,0.50877832603549,3.90105302409287,4.227559102888199,0.0,3.0953816264123866
324,325,23.38048861885384,0.9999922828191643,77.70373767590822,4.553299251194442,0.0,0.22226782483217222,0,4.6043432861133216,5.216687011134378,0.46176346431228255,7.956611459304446,2.723401022471992,1.8894986674321996,4.189869009907297,2.993516835672833,0.510101031536732,3.9029820822059755,4.226973507434037,0.0,3.0953816264123866
325,326,23.53735586080722,0.9999922247940359,66.84560590664456,4.814843207437991,0.0,0.22226782483217222,0,4.575222886061393,5.2156256994833115,0.4622259790065965,7.944514646729178,2.7247884628445376,1.8908279975627316,4.189396171268885,2.997519857396968,0.511423087480849,3.904895029294302,4.226389483616262,0.0,3.0953816264123866
326,327,23.634028228557565,0.999992165518536,63.52811092566584,4.904060749193543,0.0,0.22226782483217222,0,4.546487817993527,5.21451721522083,0.46268520076216857,7.932357364460801,2.726153367318126,1.8921424324117633,4.188947588935016,3.001507940526074,0.5127445028887442,3.9067921360892357,4.225807389340473,0.0,3.0953816264123866
327,328,23.674407302563523,0.9999921049841672,67.97389234072988,4.941696479233742,0.0,0.22226782483217222,0,4.518132623198414,5.213362285876616,0.46314117281540695,7.920141204382885,2.7274960370670613,1.8934421676636985,4.188522865943534,3.0054812155670283,0.5140652866343596,3.908673668846059,4.225227570659356,0.0,3.0953816264123866
328,329,23.79989998872389,0.9999920431820739,61.23506536532912,4.948123506313727,0.0,0.22226782483217222,0,4.490151920640792,5.212161628573935,0.4635939377906236,7.907867733186904,2.7288167690127003,1.8947273962384565,4.188121611332492,3.0094398112715046,0.515385447446901,3.910539889414165,4.224650362052591,0.0,3.0953816264123866
329,330,23.942758407779657,0.9999919801030455,68.81693666850862,4.929716205896423,0.0,0.22226782483217222,0,4.4625404058558225,5.210915950177815,0.4640435377087438,7.895538492739834,2.730115855883949,1.8959983083307992,4.1877434400504026,3.013383854661777,0.5167049939130294,3.9123910553062036,4.224076086700987,0.0,3.0953816264123866
330,331,24.061353737272178,0.9999919157256338,64.87101352669217,4.8816371401066885,0.0,0.2210844760209893,0,4.435292849859199,5.209625947441102,0.46449001399589196,7.883155000446497,2.7313935862768934,1.8972550914491002,4.187155455855421,3.0173130808643864,0.5180238926089169,3.9142266412680837,4.223503229614069,0.0,3.0953816264123866
331,332,24.404817970081417,0.999991850027999,65.65122793764132,4.808670727958284,0.0,0.2210844760209893,0,4.4084040980727766,5.20829230714845,0.4649334074918549,7.870718749606703,2.7326502447135845,1.8984979304535607,4.186592981131418,3.021227232189343,0.5193421107568337,3.916046138978253,4.222930336493765,0.0,3.0953816264123866
332,333,24.79951121585634,0.9999917829998072,66.52894113623002,4.8113900690540445,0.0,0.2210844760209893,0,4.38186906926549,5.206915706258249,0.4653737584584247,7.858231209767284,2.7338861116999857,1.8997270075938824,4.186055601170125,3.025126443763795,0.5206596576921646,3.917849824650323,4.2223578035918425,0.0,3.0953816264123866
333,334,25.22316255282293,0.9999917146303664,61.74560819028244,4.656155264221385,0.0,0.2210844760209893,0,4.355682754509351,5.20549681204254,0.46581110658762326,7.845693827069085,2.735101463783095,1.9009425025464026,4.185542907526458,3.029010848885273,0.5219765425990639,3.919637969908012,4.221786014526525,0.0,3.0953816264123866
334,335,25.646015031248226,0.999991644908629,60.53495795607887,4.850184040341229,0.0,0.2210844760209893,0,4.329840216150294,5.204036282224939,0.46624549100980905,7.83310802458898,2.7362965736072553,1.9021445924507034,4.185054497924846,3.032880579048621,0.5232927745127427,3.9214108418572593,4.221215340577288,0.0,3.0953816264123866
335,336,25.977821290881973,0.9999915738231937,58.17107053814605,4.894478018145038,0.0,0.2210844760209893,0,4.3043365867936885,5.202534765116592,0.46667695030166906,7.820475202676992,2.737471709969662,1.9033334519456973,4.184589976166955,3.0367357639725174,0.5246083623217224,3.9231687031572378,4.220646140973588,0.0,3.0953816264123866
336,337,26.076582309977116,0.9999915013623087,65.09592136518366,4.666050576880679,0.0,0.2210844760209893,0,4.279167068304278,5.200992899750201,0.46710552249409676,7.807796739288581,2.738627137875081,1.9045092532051995,4.184148952040788,3.0405765316256064,0.525923314770055,3.9249118120902815,4.220078763177642,0.0,3.0953816264123866
337,338,26.07063622841876,0.9999914275138732,62.08029794406396,4.747283429074003,0.0,0.2210844760209893,0,4.254326930820361,5.199411316012139,0.467531245079958,7.79507399031217,2.739763118589788,1.905672165972996,4.1837310412311455,3.0444030082522415,0.5272376404595097,3.9266404226307445,4.219513543161377,0.0,3.0953816264123866
338,339,26.055250202046324,0.9999913522654382,56.96289874733209,4.71485600944869,0.0,0.2210844760209893,0,4.229811511782,5.197790634772684,0.46795415502174637,7.782308289891979,2.7408799096947414,1.9068223575974106,4.183335865231425,3.0482153183978404,0.5285513478517263,3.928354784512807,4.218950805677658,0.0,3.0953816264123866
339,340,25.98944381021661,0.9999912756042102,75.63016279086432,4.561185851064779,0.0,0.2210844760209893,0,4.205616214973064,5.196131468014401,0.46837428875912945,7.76950095074623,2.741977765137994,1.9079599930653797,4.182963051256734,3.0520135849338654,0.5298644452703377,3.9300551432972446,4.218390864525902,0.0,3.0953816264123866
340,341,25.924753394275985,0.9999911975045627,69.23923923950206,4.748132687678095,0.0,0.21993871905901233,0,4.181736509576911,5.1944344189586955,0.46879168221638784,7.756653264480797,2.743056935286366,1.909085235036043,4.182387101593909,3.0557975512860325,0.5311769003630582,3.931740986669908,4.217832253714751,0.0,3.0953816264123866
341,342,25.889245226257557,0.9999911179404337,66.5489275879874,4.699895476005435,0.0,0.21993871905901233,0,4.158167929245504,5.192700082190566,0.46920637080974814,7.743766501898356,2.7441176669763725,1.9101982438738565,4.181835863092213,3.059566967835825,0.5324886814031834,3.9334118187365052,4.2172735660040965,0.0,3.0953816264123866
342,343,25.869826655733494,0.9999910368978486,65.23944456975568,4.835967620526739,0.0,0.21993871905901233,0,4.134906071181785,5.190929043781581,0.46961838945461176,7.7308419133031,2.7451602035644376,1.911299177681233,4.181308934249218,3.0633219653035972,0.5337997974393102,3.935067903240355,4.216715185903686,0.0,3.0953816264123866
343,344,25.758423546064236,0.9999909543624772,70.28709257816337,4.918271964753458,0.0,0.21993871905901233,0,4.111946595235105,5.189121881411103,0.47002777257268064,7.717880728801094,2.746184784976385,1.9123881923307187,4.18080591962579,3.0670626726386954,0.5351102573736164,3.9367094995055623,4.216157485678319,0.0,3.0953816264123866
344,345,25.62135653043725,0.9999908703196337,64.13678214412383,4.759936007744587,0.0,0.21993871905901233,0,4.089285223009535,5.187279164485791,0.47043455409898166,7.70488415859632,2.747191647756228,1.9134654414967118,4.180326429755406,3.0707892170455255,0.5364200699640759,3.9383368625066697,4.215600825633458,0.0,3.0953816264123866
345,346,25.434657114003773,0.999990784754278,70.9349432581452,4.892445990862922,0.0,0.21993871905901233,0,4.06691773698486,5.185401454257401,0.47083876748879105,7.691853393282478,2.7481810251142647,1.9145310766867292,4.179870081054825,3.07450172400923,0.5377292438266398,3.939950242937244,4.215045554394971,0.0,3.0953816264123866
346,347,25.17867012744716,0.9999906976510161,69.66714146967588,4.798104071381898,0.0,0.21993871905901233,0,4.0448399796500984,5.183489303938905,0.47124044572446017,7.6787896041306,2.749153146974487,1.9155852472722286,4.179436495736089,3.0782003173209853,0.5390377874373858,3.9415498872774153,4.2144920091831075,0.0,3.0953816264123866
347,348,24.96228164756302,0.9999906089940999,67.6153141780899,4.884604412679094,0.0,0.21993871905901233,0,4.023047852649344,5.181543258818962,0.4716396213221442,7.665693943372544,2.750108240021318,1.9166281005189918,4.179025301719846,3.0818851191029197,0.5403457091346353,3.943136037860374,4.213940516080826,0.0,3.0953816264123866
348,349,24.79608454060051,0.9999905187674283,68.02701050837686,4.661882062869945,0.0,0.21993871905901233,0,4.001537315939768,5.179563856374761,0.47203632633843506,7.652567544480421,2.751046527745681,1.9176597816170757,4.178636132549958,3.0855562498326594,0.5416530171210376,3.94470893293786,4.213391390296579,0.0,3.0953816264123866
349,350,24.676412532728268,0.9999904269545467,68.9828405065349,4.867653667782421,0.0,0.21993871905901233,0,3.980304386961609,5.177551626383252,0.4724305923768999,7.639411522442013,2.751968230490415,1.918680433710337,4.178268627309395,3.0892138283675123,0.5429597194656256,3.946268806744646,4.2128449364216625,0.0,3.0953816264123866
350,351,24.6083287083538,0.9999903335254103,72.39252299142777,4.686958340207244,0.0,0.21882933134343016,0,3.959345139819978,5.175507091030798,0.47282245059452643,7.626226974032244,2.7528735654950416,1.9196901979255352,4.177704446190929,3.092857606164112,0.544265784852679,3.9478151597212547,4.2122997357404595,0.0,3.0953816264123866
351,352,24.673625569835824,0.9999902384494789,70.31658958278085,4.774835904266434,0.0,0.21882933134343016,0,3.938655704478306,5.173430765021263,0.4732119317080768,7.613014978080751,2.753762746939897,1.9206892134010245,4.1771642036368695,3.096487341414555,0.5455711825722103,3.949347508230486,4.211754426412611,0.0,3.0953816264123866
352,353,24.81617060270122,0.9999901417090129,65.19364444209275,4.870728490419122,0.0,0.21882933134343016,0,3.9182322659632733,5.171323155682568,0.4735990660003505,7.599776595735625,2.754635985989636,1.9216776173150345,4.176647510921361,3.1001031605773695,0.5468759213952293,3.9508661041833824,4.211209381461992,0.0,3.0953816264123866
353,354,25.09512610832664,0.9999900432859029,70.95897522336311,4.761400114320107,0.0,0.21882933134343016,0,3.898071063581057,5.169184763071721,0.473983883326359,7.586512870723355,2.7554934908361135,1.9226555449135492,4.1761539851884555,3.1037051883967743,0.5481800099509826,3.9523711952353526,4.210664962045452,0.0,3.0953816264123866
354,355,25.51014367254267,0.9999899431616702,72.3324607449171,4.758399938790304,0.0,0.21882933134343016,0,3.8781683901447352,5.167016080078357,0.47436641311941136,7.573224829605063,2.756335466740659,1.9236231295377892,4.1756832493643214,3.1072935479279127,0.5494834567290969,3.9538630248534505,4.210121517729519,0.0,3.0953816264123866
355,356,25.915369069649614,0.9999898413174658,61.91759447943198,4.913181521825811,0.0,0.21882933134343016,0,3.8585205912126836,5.164817592526806,0.4747466843971143,7.559913482029037,2.7571621160757482,1.924580502651304,4.175234932070767,3.110868360561711,0.5507862700816925,3.955341832382624,4.209579386761411,0.0,3.0953816264123866
356,357,26.316968822022375,0.9999897377340689,66.4331742994969,4.836104102593491,0.0,0.21882933134343016,0,3.8391240643378204,5.162589779276703,0.47512472576728615,7.546579820979663,2.757973638366082,1.9255277938666762,4.174808667540047,3.1144297460493675,0.552088458225462,3.9568078531109476,4.209038896334466,0.0,3.0953816264123866
357,358,26.80732647859105,0.9999896323918869,63.59996386182087,4.832379114354684,0.0,0.21882933134343016,0,3.8199752583275295,5.160333112322174,0.47550056543378694,7.533224823022769,2.7587702303290795,1.9264651309718477,4.174404095530952,3.1179778225264747,0.5533900292437218,3.9582613183338577,4.208500362848099,0.0,3.0953816264123866
358,359,27.341563794389586,0.9999895252709543,74.54852144860894,4.733139230448817,0.0,0.21882933134343016,0,3.8010706725141246,5.158048056889597,0.4758742312022653,7.519849448547449,2.759552085914797,1.9273926399560704,4.1740208612461425,3.1215127065367834,0.5546909910884288,3.9597024554174,4.207964092162392,0.0,3.0953816264123866
359,360,27.878970112288926,0.9999894163509312,71.53033313152793,4.785924473489301,0.0,0.21882933134343016,0,3.782406856035693,5.155735071533983,0.4762457504858238,7.50645464200443,2.7603193963452752,1.928310445035487,4.173658615250723,3.125034513055613,0.5559913515821703,3.9611314878605106,4.207430379847418,0.0,3.0953816264123866
360,361,28.38244098828516,0.9999893027303267,66.72194225983108,4.736066996375834,0.0,0.0,0,3.7639804071271783,5.1533946082339845,0.47661515031060364,7.493041332140995,2.761072350153331,1.9292186686783497,4.130319089305917,3.1284711997802113,0.557283375642471,3.9624046725501167,4.206561629640267,0.0,3.0953816264123866
361,362,28.89157586129366,0.9999891814630447,69.83418264760398,4.964476101924691,0.0,0.0,0,3.7457879724215535,5.151027112485544,0.4769824573212896,7.479610432232556,2.761811133220794,1.9301174316298764,4.087587716445735,3.131752361755373,0.5585594731076466,3.9633821708338086,4.205033450116483,0.0,3.0953816264123866
362,363,29.398027843927203,0.9999890524514349,66.21530046593182,4.761998177313777,0.0,0.0,0,3.7278262462609395,5.148633023394213,0.47734769778653674,7.466162840310878,2.7625359288161984,1.9310068529367574,4.045455496772278,3.134880539668227,0.5598198665887155,3.964069984346182,4.202865594519576,0.0,3.0953816264123866
363,364,29.830423386522597,0.9999889155844622,63.66660940932406,4.915374844093345,0.0,0.0,0,3.7100919700175323,5.1462127737661625,0.4777108976043201,7.452699439389051,2.7632469176319407,1.9318870499713106,4.003913564611184,3.1378582358084297,0.5610647754072212,3.9644740150585847,4.200077367471763,0.0,3.0953816264123866
364,365,30.145161733265123,0.9999887707378077,68.51782138805945,4.744726221392059,0.0,0.0,0,3.692581931424194,5.143766790197891,0.478072082307208,7.439221097683208,2.7639442778209076,1.9327581384552919,3.9629531865076344,3.1406879146425095,0.5622944156442801,3.964600066833247,4.196687634073447,0.0,3.0953816264123866
365,366,30.341880250734192,0.9999886177739207,71.74959887607781,4.691006485971418,0.0,0.0,0,3.6752929639145715,5.141295493164657,0.47843127706756017,7.425728668831075,2.7646281850325813,1.9336202324833702,3.9225657592522905,3.143372003379634,0.5635090001888965,3.9644538469537713,4.192714828829284,0.0,3.0953816264123866
366,367,30.486094101469202,0.9999884565420356,69.63144059533872,4.715355766676142,0.0,0.0,0,3.6582219459726097,5.138799297107652,0.47878850670265216,7.412222992107375,2.7652988124486333,1.9344734445462657,3.8827428079367112,3.145912892528927,0.5647087387855567,3.964040967632332,4.188176964404004,0.0,3.0953816264123866
367,368,30.455178792733207,0.999988286878145,67.11192819312157,4.873163840148087,0.0,0.0,0,3.6413658004913247,5.1362786105199385,0.4791437956797269,7.398704892636136,2.7659563308180104,1.9353178855535589,3.8434759840378043,3.1483129364484572,0.5658938380811123,3.963366947493931,4.183091640211127,0.0,3.0953816264123866
368,369,30.09958604773305,0.9999881086049364,70.90348920952871,4.709218792992452,0.0,0.0,0,3.6247214941406996,5.1337338360311575,0.479497168120974,7.385175181599955,2.7666009084915193,1.9361536648561766,3.804757063530881,3.150574453886035,0.5670645016709636,3.9624372130380725,4.177476050837611,0.0,3.0953816264123866
369,370,29.480060765684854,0.9999879215316946,66.65034931454349,4.842011308459996,0.0,0.0,0,3.608286036744584,5.131165370491033,0.4798486478084382,7.371634656446249,2.767232711455924,1.936980890268556,3.7665779450308894,3.152699728511923,0.5682209301445534,3.9612571000781727,4.171346994307472,0.0,3.0953816264123866
370,371,28.834361794482188,0.9999877254541673,70.70548491952856,4.815913897499912,0.0,0.0,0,3.5920564806664563,5.128573605051688,0.48019825818885853,7.358084101090544,2.7678519033675513,1.937799668090494,3.728930647961405,3.154691009443593,0.5693633211301822,3.9598318551590594,4.1647208801873,0.0,3.0953816264123866
371,372,28.12095399052401,0.9999875201543966,73.442880645141,5.084279900861558,0.0,0.0,0,3.576029920203936,5.125958925248792,0.48054602237843774,7.3445242861168465,2.7684586455854254,1.9386101031286869,3.691807310750959,3.156550511762649,0.5704918693391529,3.958166636952883,4.157613737536605,0.0,3.0953816264123866
372,373,27.41931030134831,0.9999873054005205,68.73377883204091,4.888431991361051,0.0,0.0,0,3.5602034909919062,5.123321711081543,0.4808919631675444,7.330955968975128,2.7690530972039236,1.9394122987179605,3.655200189056304,3.15828041702402,0.5716067666092584,3.9562665176337632,4.150041222705819,0.0,3.0953816264123866
373,374,26.68345616600414,0.999987080946539,77.59201914343049,4.705873556858909,0.0,0.0,0,3.5445743694141423,5.120662337091526,0.4812361030253482,7.317379894175977,2.7696354150849727,1.9402063567422014,3.619101654012207,3.159882873757557,0.572708201947618,3.9541364842314954,4.142018626984772,0.0,3.0953816264123866
374,375,25.898023544532908,0.9999868465320502,61.76837288722181,4.760633019362726,0.0,0.0,0,3.5291397720233055,5.117981172440436,0.4815784641043887,7.303796793482449,2.7702057538897846,1.940992377654988,3.58350419050738,3.1613599979621294,0.5737963615728764,3.9517814399646314,4.13356088410438,0.0,3.0953816264123866
375,376,25.21761452104069,0.9999866018819563,75.11076623067596,4.694843059046199,0.0,0.0,0,3.5138969549691987,5.1152785809867005,0.4819190682450794,7.290207386099161,2.7707642661101404,1.9417704604999284,3.5484003954861545,3.162713873592347,0.5748714289567706,3.9492062055532435,4.124682577594258,0.0,3.0953816264123866
376,377,24.69156669424573,0.9999863467061366,68.7222081331418,4.747295915442163,0.0,0.0,0,3.4988432134351575,5.112554921361013,0.48225793698014785,7.276612378858664,2.7713111020992307,1.94254070293071,3.5137829762755164,3.1639465530380093,0.5759335848650772,3.946415520511677,4.115397947998898,0.0,3.0953816264123866
377,378,24.350488523752293,0.9999860806990918,69.60029629466423,4.868198763799173,0.0,0.0,0,3.483975881082466,5.109810547040785,0.4825950915390123,7.263012466405137,2.771846410102054,1.9433032012308622,3.47964474893712,3.165060057596392,0.5769830073979487,3.9434140444215986,4.105720899955031,0.0,3.0953816264123866
378,379,24.17654465809127,0.9999858035395569,68.60943546654623,4.809291609260237,0.0,0.0,0,3.4692923295026787,5.107045806423545,0.4829305528520961,7.2494083313754425,2.772370336285386,1.9440580503332383,3.445978636643916,3.1660563779374833,0.5780198720296471,3.9402063581856313,4.09566500913272,0.0,3.0953816264123866
379,380,24.04864785371959,0.9999855148900841,70.81930726684455,4.874856515936191,0.0,0.0,0,3.4547899676777387,5.1042610428992905,0.48326434155508063,7.2358006445775676,2.772883024767321,1.9448053438392203,3.4127776680810142,3.166937474562266,0.5790443516476846,3.93679696526187,4.085243529042701,0.0,3.0953816264123866
380,381,23.936672373402946,0.9999852143965948,60.359015242456806,4.830480622886816,0.0,0.0,0,3.4404662414477816,5.101456594921805,0.48359647799309813,7.222190065166511,2.773384617646389,1.9455451740376508,3.3800349758704287,3.167705278254156,0.58005661659138,3.933190292879571,4.074469397712449,0.0,3.0953816264123866
381,382,23.920162871908662,0.9999849016879007,65.63940267589471,4.856324349052181,0.0,0.0,0,3.4263186329865127,5.098632796078968,0.4839269822248641,7.208577240817631,2.7738752550302674,1.9462776319234945,3.3477437950193445,3.1683616905237,0.5810568346898385,3.929390693236287,4.063355244233375,0.0,3.0953816264123866
382,383,23.961039879092514,0.999984576375194,69.85614309146393,4.823324091221941,0.0,0.0,0,3.412344660284054,5.0957899751620594,0.48425587402675163,7.1949628078975,2.7743550750640735,1.9470028072162346,3.3158974613915557,3.168908584046627,0.5820451712993663,3.925402444676744,4.051913395181551,0.0,3.0953816264123866
383,384,24.118280091799054,0.9999842380515062,69.24866693041412,4.868677249266531,0.0,0.0,0,3.398541876637151,5.092928456234077,0.48458317289680725,7.181347391632306,2.774824213958263,1.9477207883780074,3.2844894102017292,3.1693478030953584,0.5830217893403254,3.92122975285372,4.040155880914291,0.0,3.0953816264123866
384,385,24.41748398622257,0.9999838862911348,72.67604451441936,4.894143481101283,0.0,0.0,0,3.384907870146635,5.090048558697085,0.48490889805870974,7.167731606273821,2.775282806016125,1.9484316626314786,3.2535131745321517,3.169681163964072,0.5839868493334383,3.9168767518712073,4.028094441744887,0.0,3.0953816264123866
385,386,24.94356795633368,0.9999835206490366,80.32867370492805,4.6941530500775155,0.0,0.0,0,3.371440263222041,5.0871505973586,0.48523306846567266,7.1541160552629925,2.7757309836608917,1.949135515977465,3.222962383871625,3.169910455387416,0.5849405094355506,3.9123475054101187,4.0157405339977545,0.0,3.0953816264123866
386,387,25.580411655502964,0.9999831406601899,59.36792436268805,4.736558423019398,0.0,0.0,0,3.3581367120932755,5.084234882497034,0.4855557028042914,7.140501331391166,2.7761688774624558,1.9498324332123065,3.192830762676181,3.1700374389529706,0.5858829254748611,3.9076460078368056,4.003105335946201,0.0,3.0953816264123866
387,388,26.38868125237282,0.9999827458389204,79.46601239020782,4.906248804997875,0.0,0.0,0,3.344994906329235,5.0813017199262065,0.48587681949833533,7.126888016958997,2.7765966161637126,1.9505224979449889,3.1631121289512865,3.1700638495075464,0.5868142509856236,3.9027761852946457,3.990199753634996,0.0,3.0953816264123866
388,389,27.413304333081243,0.9999823356781947,66.9987227597694,4.7898593320609875,0.0,0.0,0,3.3320125683632766,5.078351411058936,0.486196436712486,7.113276683933075,2.777014326706526,1.9512057926140247,3.13380039285522,3.1699913955574135,0.5877346372423325,3.8977418967789523,3.977034426589864,0.0,3.0953816264123866
389,390,28.46605178133677,0.9999819096488762,70.58997365864765,4.895609031829036,0.0,0.0,0,3.3191874530254433,5.0753842529697275,0.48651457235602213,7.099667894100284,2.777422134257324,1.9518823985040934,3.1048895553233042,3.1698217596625535,0.5886442332933978,3.8925469351954645,3.96361973341602,0.0,3.0953816264123866
390,391,29.426170359060286,0.9999814671989459,63.58574061771282,4.940364483110586,0.0,0.0,0,3.3065173470813476,5.07240053845657,0.4868312440864522,7.086062199219943,2.777820162232329,1.9525523957624438,3.076373706712681,3.1695565988250225,0.5895431859943162,3.8871950284026537,3.9499657972877835,0.0,3.0953816264123866
391,392,30.19411981824651,0.9999810077526861,72.38136345239657,4.986872939687217,0.0,0.0,0,3.2940000687776196,5.069400556101848,0.4871464693130952,7.072460141173761,2.7782085323224326,1.9532158634150638,3.048247025467323,3.1691975448715106,0.5904316400403489,3.8816898402381073,3.93608249133131,0.0,3.0953816264123866
392,393,30.780927111451692,0.9999805307098242,74.36644230730592,4.880625848854981,0.0,0.0,0,3.281633467393823,5.066384590332396,0.4874602652006108,7.058862252113625,2.7785873645177124,1.9538728793826206,3.02050377680298,3.1687462048301875,0.5913097379987095,3.876034971529213,3.9219794439024174,0.0,3.0953816264123866
393,394,31.146066157150273,0.9999800354446383,69.64157663150567,4.805730680190461,0.0,0.0,0,3.2694154228007513,5.0633529214786845,0.4877726486724789,7.045269054607258,2.7789567771316026,1.9545235204961722,2.9931383114117636,3.168204161301922,0.5921776203402729,3.8702339610883922,3.907666043761457,0.0,3.0953816264123866
394,395,31.303595657281146,0.9999795213050208,63.39574840338622,4.802728018333306,0.0,0.0,0,3.2573438450250087,5.060305825833178,0.48808363641442937,7.031681061781782,2.7793168868247204,1.9551678625126574,2.9661450641860716,3.167572972825951,0.5930354254708107,3.8642902866931093,3.893151445147151,0.0,3.0953816264123866
395,396,31.370777881077032,0.999978987611501,69.21303438593296,4.808326406245467,0.0,0.0,0,3.245416673819792,5.057243575707853,0.48839324487782404,7.018098777465215,2.77966780862835,1.9558059801301637,2.9395185529615726,3.166854174240091,0.5938832897617594,3.8582073660508893,3.87844457275127,0.0,3.0953816264123866
396,397,31.379291139964167,0.9999784336562235,67.83011588869051,4.928551888015455,0.0,0.0,0,3.23363187824178,5.0541664394908965,0.4887014902829892,7.004522696325915,2.7800096559675973,1.956437947002979,2.9132533772789557,3.1660492770355644,0.59472134758053,3.8519885577495723,3.8635541265959965,0.0,3.0953816264123866
397,398,31.341748172376064,0.9999778587018817,60.38176988548374,4.793701086972554,0.0,0.0,0,3.2219874562340465,5.051074681702607,0.4890083886225018,6.99095330401003,2.7803425406842117,1.957063835756428,2.887344217164174,3.165159769706529,0.5955497313203651,3.845637162193019,3.8484885868157956,0.0,3.0953816264123866
398,399,31.27406663992567,0.9999772619806062,68.76141565261882,4.858764605791738,0.0,0.0,0,3.2104814342149077,5.047968563050488,0.4893139556644282,6.9773910772769545,2.780666573059084,1.9576837180014988,2.8617858319268987,3.1641871180943832,0.5963685714297505,3.839156422522499,3.833256218345565,0.0,3.0953816264123866
399,400,31.18778734969548,0.9999766426928031,63.517754828175796,4.89739726754224,0.0,0.0,0,3.1991118666726246,5.044848340483566,0.4896182069555171,6.96383648413284,2.7809818618344244,1.95829766434926,2.836573058976918,3.1631327657269304,0.5971779964413867,3.832549525523967,3.817865075516816,0.0,3.0953816264123866
400,401,31.058601657382397,0.9999760000059439,79.61691930671874,4.774580018873096,0.0,0.0,0,3.187876835765875,5.041714267245927,0.4899211578243469,6.950289983962176,2.781288514235625,1.958905744425073,2.8117008126582093,3.1619981341524745,0.597978133000729,3.8258196025214506,3.802323006563603,0.0,3.0953816264123866
401,402,30.74460525930072,0.9999753330533057,66.78708323521414,4.821633982060209,0.0,0.0,0,3.1767744509299067,5.038566592929506,0.4902228233844285,6.936752027657473,2.78158663599281,1.9595080268826035,2.787164083100417,3.160784623268927,0.5987691058941015,3.818969730256743,3.786637658039885,0.0,3.0953816264123866
402,403,30.377854969626785,0.9999746409326546,65.89540988633763,4.903724885391215,0.0,0.0,0,3.1658028484883074,5.035405563526101,0.49052321853726355,6.923223057747076,2.78187633136208,1.9601045794176306,2.762957935087487,3.1594936116479952,0.5995510380763905,3.812002931755632,3.7708164791499796,0.0,3.0953816264123866
403,404,30.03055105316303,0.9999739227048782,60.69908806337655,4.955996933682064,0.0,0.0,0,3.1549601912702885,5.032231421478674,0.49082235797535945,6.909703508521133,2.782157703146455,1.9606954687816616,2.739077506943193,3.158126456854528,0.600324050698326,3.8049221771808406,3.7548667259937267,0.0,3.0953816264123866
404,405,29.66927770186053,0.9999731773925575,61.620082366244226,4.802401913912652,0.0,0.0,0,3.144244668233424,5.029044405731896,0.49112025618520133,6.89619380615575,2.782430852716517,1.9612807607953529,2.7155180094333002,3.156684495761094,0.6010882631333538,3.797730384671907,3.738795465727965,0.0,3.0953816264123866
405,406,29.344234219456695,0.9999724039784829,68.82199001057202,4.650741886639293,0.0,0.0,0,3.13365449409176,5.025844751781997,0.49141692745018184,6.882694368835346,2.7826958800307606,1.9618605203617394,2.692274724684128,3.1551690448578555,0.6018437930041092,3.790430421172174,3.7226095806458868,0.0,3.0953816264123866
406,407,29.03484179097618,0.9999716014041067,70.22456711199911,4.675717664356325,0.0,0.0,0,3.123187908949211,5.022632691725883,0.4917123858534892,6.869205606873248,2.782952883655654,1.9624348114792751,2.6693430051172573,3.153581400557818,0.602590756208493,3.7830251032431117,3.706315772175805,0.0,3.0953816264123866
407,408,28.727464081444158,0.999970768567934,64.57376665613158,4.900663567080149,0.0,0.0,0,3.1128431779381827,5.019408454309571,0.49200664528095406,6.85572792283054,2.7832019607854126,1.9630036972546892,2.6467182724001472,3.1519228394975145,0.6033292669453596,3.7755171978661357,3.689920564800853,0.0,3.0953816264123866
408,409,28.454160599524304,0.9999699043238469,71.96465419672357,4.718794987665031,0.0,0.0,0,3.1026185908633317,5.016172264975928,0.49229971942385575,6.8422617116332045,2.7834432072614947,1.963567239915658,2.624396016412419,3.1501946188332033,0.6040594377398215,3.767909423232134,3.67343030990109,0.0,3.0953816264123866
409,410,28.275721592718153,0.999969007479361,59.4491309928534,5.042758738532048,0.0,0.0,0,3.0925124618503994,5.012924345911731,0.492591621781689,6.828807360687561,2.7836767175918147,1.964125500823298,2.602371794227578,3.1483979765326366,0.6047813794681756,3.760204449518875,3.656851189519477,0.0,3.0953816264123866
410,411,28.234486495714485,0.9999680767938114,69.28092984573432,4.660844737631158,0.0,0.0,0,3.0825231290000468,5.009664916094056,0.49288236566489085,6.815365249994049,2.7839025849696886,1.9646785404844802,2.5806412291099403,3.1465341316624733,0.6054952013824582,3.7524048996564794,3.64018922005315,0.0,3.0953816264123866
411,412,28.292595782665497,0.9999671109764652,72.08223268890205,4.736790887732226,0.0,0.0,0,3.072648954046609,5.006394191336004,0.49317196419752884,6.801935752259355,2.784120901292505,1.965226418563968,2.559200009526536,3.144604284671395,0.6062010111346327,3.744513350081146,3.6234502558713912,0.0,3.0953816264123866
412,413,28.373025918425068,0.9999661086845592,66.2977112609879,4.867839562165284,0.0,0.0,0,3.062888322021715,5.003112384331789,0.4934604303199511,6.788519233006928,2.7843317571801327,1.9657691938963855,2.5380438881737692,3.142609617668996,0.6068989148004164,3.736532331477297,3.606639992861688,0.0,3.0953816264123866
413,414,28.39303437656972,0.999965068521257,64.80422963081283,4.485741024734317,0.0,0.0,0,3.0532396409226923,4.999819704701168,0.4937477767913988,6.775116050685898,2.7845352419930682,1.966306924498012,2.517168681018609,3.140551294700504,0.6075890169027521,3.7284643295083293,3.58976397190522,0.0,3.0953816264123866
414,415,28.339154661031632,0.9999639890335267,65.92559908626039,5.037780713934629,0.0,0.0,0,3.043701341385689,4.996516359033246,0.49403401619258086,6.76172655677841,2.7847314438503195,1.9668396675784114,2.496570266354101,3.1384304620173973,0.6082714204349291,3.7203117855361336,3.572827582283113,0.0,3.0953816264123866
415,416,28.266332894588857,0.9999628687099323,72.36980963163408,4.977214413661262,0.0,0.0,0,3.034271876363453,4.99320255092966,0.4943191609282126,6.7483510959054245,2.78492044964704,1.967367479551894,2.476244583868981,3.136248248343981,0.6089462268833584,3.7120770973295576,3.555836065014761,0.0,3.0953816264123866
416,417,28.271852434379223,0.9999617059783388,73.50500951882131,4.882492011040941,0.0,0.0,0,3.0249497208076948,4.989878481047142,0.49460322322951816,6.734990005930969,2.7851023450719112,1.9678904160488164,2.4561876337311794,3.134005765139977,0.6096135362500092,3.703762619761981,3.538794516129497,0.0,3.0953816264123866
417,418,28.33574598975267,0.999960499203524,74.75483285513845,4.8654691470538864,0.0,0.0,0,3.0157333713559744,4.986544347139481,0.4948862151566971,6.721643618064896,2.785277214624275,1.9684085319267202,2.4363954756850132,3.131704106859195,0.6102734470745097,3.695370665498161,3.521707889872875,0.0,3.0953816264123866
418,419,28.482752261081473,0.9999592466846997,66.15796255936752,4.98177705926836,0.0,0.0,0,3.0066213460230404,4.9832003440988855,0.4951681486013559,6.708312256964147,2.7854451416310257,1.9689218812813123,2.4168642281618586,3.129344351204335,0.6109260564559178,3.6869035056705193,3.5045810018487904,0.0,3.0953816264123866
419,420,28.745571373066923,0.9999579466529311,66.2050993166845,4.930045339369363,0.0,0.0,0,2.9976121838965666,4.979846663996757,0.495449035288905,6.694996240832555,2.7856062082632587,1.9694305174572888,2.3975900674041024,3.126927559377987,0.6115714600741676,3.678363370545019,3.48741853209866,0.0,3.0953816264123866
420,421,29.048344890621237,0.9999565972684566,72.47070117428402,5.003938875385962,0.0,0.0,0,2.988704444837219,4.976483496123888,0.49572888678092186,6.681695881519204,2.7857604955526845,1.969934493059005,2.3785692266021736,3.124454776329877,0.6122097522111953,3.6697524501768024,3.4702250281188474,0.0,3.0953816264123866
421,422,29.30082236973195,0.9999551966179028,70.95967823753304,4.789405912723605,0.0,0.0,0,2.9798967091829898,4.973111027030075,0.4960077144774798,6.668411484615359,2.7859080834078074,1.970433859960993,2.359797995044464,3.121927031000423,0.6128410257717495,3.6610728950557307,3.4530049078175007,0.0,3.0953816264123866
422,423,29.498627011291724,0.9999537427113886,73.0324998716956,4.971427079512303,0.0,0.0,0,2.971187577457743,4.969729440563188,0.4962855296194445,6.655143349550003,2.7860490506298756,1.9709286693183303,2.3412727172799404,3.1193453365606483,0.6134653723038916,3.652326816741991,3.435762462411957,0.0,3.0953816264123866
423,424,29.683147665137305,0.9999522334795182,60.24270945491793,4.964547763914967,0.0,0.0,0,2.962575670083905,4.9663389179076605,0.49656234329073706,6.6418917696839825,2.786183474928602,1.971418971576861,2.32298979229326,3.1167106906485134,0.6140828820191898,3.6435162884919112,3.4185018592678333,0.0,3.0953816264123866
424,425,29.70073059745822,0.9999506667702547,64.68484888401758,4.9477478219332935,0.0,0.0,0,2.9540596270992485,4.9629396376224495,0.49683816642056544,6.628657032402791,2.786311432937665,1.9719048164832704,2.3049456726922046,3.114024075601715,0.6146936438126115,3.6346433458741374,3.4012271446809126,0.0,3.0953816264123866
425,426,29.465079798021392,0.9999490403456729,66.21904212216573,4.960985232574926,0.0,0.0,0,2.9456381078777056,4.959531775678448,0.4971130097856237,6.615439419208015,2.786433000229983,1.9723862530950171,2.287136863907247,3.111286458687008,0.615297745282119,3.6257099873763146,3.383942246602912,0.0,3.0953816264123866
426,427,29.268898595542492,0.9999473518785864,63.945047883211096,4.875188433785564,0.0,0.0,0,2.9373097908541537,4.956115505495363,0.49738688401226033,6.602239205807448,2.7865482513327784,1.972863329790124,2.2695599234030706,3.1084987923261034,0.615895272747973,3.6167181750024207,3.366650977312198,0.0,3.0953816264123866
427,428,29.162346010856986,0.9999455989490419,75.2017076548098,4.760136978954788,0.0,0.0,0,2.9290733732531224,4.952690997978078,0.49765979957861534,6.5890566622039035,2.7866572597424217,1.973336094276829,2.2522114599018628,3.105662014318183,0.6164863112717471,3.6076698348608867,3.349357036030494,0.0,3.0953816264123866
428,429,29.048892218793668,0.9999437790406799,69.17858666106258,5.133908936024417,0.0,0.0,0,2.920927570821358,4.949258421552481,0.4979317668167271,6.575892052782739,2.7867600979390668,1.973804593603099,2.235088132618203,3.1027770480591013,0.6170709446750601,3.5985668577436543,3.332064011486608,0.0,3.0953816264123866
429,430,28.989198809489345,0.9999418895369535,63.72854091866112,4.9127956631111305,0.0,0.0,0,2.912871117564198,4.945817942200802,0.4982027959146093,6.5627456363981125,2.7868568374010776,1.9742688741660086,2.2181866505053796,3.0998448027573033,0.6176492555580265,3.5894110996962927,3.3147753844281937,0.0,3.0953816264123866
430,431,29.031871734434997,0.9999399799848765,61.673713619358445,4.79730535683829,0.0,0.6549994984144569,0,2.9049027654856956,4.942369723496431,0.49847289691829844,6.549617666457991,2.7869475486192496,1.9747289817209848,2.330205068255792,3.097082150035225,0.6182445009833583,3.5806352917508204,3.298505877143447,0.0,3.0953816264123866
431,432,29.05761651437641,0.9999381055517637,63.63269447984568,4.91675213654071,0.0,0.6549994984144569,0,2.8970212843324448,4.938913926638254,0.49874207973387147,6.53650839100792,2.7870323011108287,1.9751849613909203,2.440679350240186,3.094701042287238,0.6188795026761443,3.5726604332726266,3.2842305547624746,0.0,3.0953816264123866
432,433,29.187811849401918,0.999936271859875,67.18809647871711,4.898423725685006,0.0,0.6549994984144569,0,2.88922546134105,4.935450710484486,0.4990103541294357,6.523418052813583,2.7871111634333303,1.975636857675158,2.5496322894917083,3.0926950731137066,0.6195536956488179,3.565470950663037,3.271894259911993,0.0,3.0953816264123866
433,434,29.38505197352367,0.9999344843506145,62.7178346018947,4.9105586807995225,0.0,0.6549994984144569,0,2.8815141009891945,4.931980231586038,0.4992777297370896,6.510346889442166,2.7871842031981626,1.9760847144583458,2.657086339232552,3.0910579332660886,0.6202665232451514,3.5590515252251618,3.2614430516302266,0.0,3.0953816264123866
434,435,29.51350265476158,0.9999327482505446,74.18492354580569,4.815056685176308,0.0,0.6549994984144569,0,2.8738860247502456,4.928502644219395,0.4995442160548565,6.497295133342536,2.787251487084055,1.9765285750191672,2.763063617947154,3.0897834091930743,0.6210174370160829,3.553387089212067,3.252824181068704,0.0,3.0953816264123866
435,436,29.69966109933974,0.9999310685398519,74.28166473444352,4.854598621383918,0.0,0.6549994984144569,0,2.8663400708513587,4.925018100419034,0.49980982244858974,6.484263011924259,2.7873130808502946,1.9769684820389466,2.86758591437964,3.0888653816084433,0.6218058965973956,3.548462821934923,3.2459860676527996,0.0,3.0953816264123866
436,437,30.037433738578695,0.9999294499235459,60.70593420786683,4.762806092343326,0.0,0.6549994984144569,0,2.8588750940350214,4.92152675000938,0.5000745581538514,6.471250747635468,2.78736904934978,1.977404477610132,2.970674692456643,3.08829782408031,0.6226313695892243,3.544264145930225,3.2408782756926766,0.0,3.0953816264123866
437,438,30.416677465355537,0.9999278968056234,72.77790133287579,5.004531903010015,0.0,0.6549994984144569,0,2.8514899653239922,4.918028740636303,0.5003384322777643,6.458258558039607,2.7874194565418793,1.9778366032446586,3.072351096136615,3.0880748016414477,0.6234933314373597,3.5407767231852,3.237451491436426,0.0,3.0953816264123866
438,439,30.75346262221943,0.9999264132663883,62.98180068855388,4.903010277073506,0.0,0.6549994984144569,0,2.8441835717895865,4.9145242177981725,0.5006014538008374,6.445286655891056,2.787464365505115,1.9782648998821901,3.1726359541867235,3.088190469420365,0.6243912653163259,3.5379864514205184,3.2356575005573487,0.0,3.0953816264123866
439,440,30.987245369519233,0.9999250030430602,72.41065433651342,4.785840060898272,0.0,0.6549994984144569,0,2.8369548163232574,4.911013324876461,0.5008636315787652,6.432335249209659,2.787503838449662,1.978689407898247,3.2715497848884216,3.0886390712928367,0.6253246620142018,3.535879460429458,3.235449166067463,0.0,3.0953816264123866
440,441,31.09425820806109,0.9999236185013493,62.304867118037926,5.102778493992719,0.0,0.15709353026991763,0,2.8298026174114335,4.907496203165928,0.5011249743442018,6.419404541354167,2.787537936729671,1.979110167112216,3.2712789184922015,3.0892507614310336,0.6262754025501309,3.534114547537527,3.236011618675252,0.0,3.0953816264123866
441,442,31.16336214723898,0.9999222094317174,67.49427268440668,5.073303768555357,0.0,0.15709353026991763,0,2.822725908913555,4.903972991904349,0.5013854907085094,6.406494731094617,2.787566720855415,1.979527216795246,3.2710146882915208,3.089859509065834,0.6272257053577532,3.5323596273925038,3.236561091001719,0.0,3.0953816264123866
442,443,31.267030097327268,0.9999207754370167,70.83873027884064,4.68674979622307,0.0,0.15709353026991763,0,2.815723639843274,4.90044382830185,0.501645189163482,6.393606012683661,2.787590250505262,1.9799405956780325,3.2707569905866807,3.0904653460801157,0.6281755729600537,3.5306146772471605,3.2370978890178894,0.0,3.0953816264123866
443,444,31.472856472318725,0.9999193161143988,72.31086160958418,5.005357846138946,0.0,0.15709353026991763,0,2.8087947741527683,4.896908847569804,0.5019040780830448,6.380738575926851,2.787608584537482,1.980350341958491,3.2705057232358823,3.0910683039056193,0.629125007842132,3.52887967381925,3.237622312300108,0.0,3.0953816264123866
444,445,31.580621737923863,0.9999178310552452,74.73799872295415,4.941494564753444,0.0,0.15709353026991763,0,2.8019382905201238,4.893368182949323,0.5021621657249292,6.367892606251909,2.7876217810018793,1.980756493309321,3.2702607856319426,3.0916684135296326,0.6300740124517717,3.527154593305395,3.23813465415423,0.0,3.0953816264123866
445,446,31.577866443149574,0.9999163198450969,68.22805431898979,5.056872810471162,0.0,0.15709353026991763,0,2.7951531821397433,4.889821965739343,0.5024194602323238,6.355068284776987,2.7876298971512647,1.981159086885462,3.270022078679361,3.092265705501574,0.6310225892000012,3.5254394113947307,3.2386352017375053,0.0,3.0953816264123866
446,447,31.6108733311863,0.9999147820635838,71.8177592100538,5.023846869567975,0.0,0.15709353026991763,0,2.788438456515742,4.8862703253243165,0.5026759696355022,6.342265788377932,2.787632989452762,1.9815581593314446,3.269789504771722,3.09286020993948,0.6319707404616455,3.5237341032823024,3.2391242361782018,0.0,3.0953816264123866
447,448,31.8212624913531,0.9999132172843526,67.94776519130605,4.738437363125895,0.0,0.15709353026991763,0,2.7817931352582783,4.882713389201496,0.502931701853428,6.329485289754579,2.7876311135989527,1.9819537467886352,3.269562967769444,3.0934519565363954,0.6329184685758708,3.522038643682229,3.2396020326930075,0.0,3.0953816264123866
448,449,32.11350605726694,0.9999116250749956,73.10027450179933,4.919374204868469,0.0,0.15709353026991763,0,2.7752162538827894,4.879151283007843,0.5031866646953352,6.316726957496068,2.7876243245188657,1.9823458849023787,3.269342372977854,3.0940409745666666,0.6338657758467198,3.520353006840624,3.2400688607022503,0.0,3.0953816264123866
449,450,32.26822849208037,0.9999100049969766,65.77405330466367,4.976852613379394,0.0,0.15709353026991763,0,2.7687068616120785,4.8755841305465495,0.5034408658622891,6.303990956145226,2.787612676388806,1.9827346088290403,3.2691276271255894,3.094627292892144,0.63481266454364,3.5186771665482928,3.240524983942976,0.0,3.0953816264123866
450,451,32.354786092142284,0.9999083565700484,66.66548154639709,4.736927429486406,0.0,0.15680580407601277,0,2.762264021181227,4.872012053813177,0.5036943129487219,6.291277446261993,2.7875962226430344,1.9831199532429455,3.2688621028278777,3.095210845094835,0.6357591267214675,3.5170109068647197,3.2409702163184524,0.0,3.0953816264123866
451,452,32.45744193186696,0.9999066793060203,66.6888752458554,4.891660070325153,0.0,0.15680580407601277,0,2.7558868086452746,4.86843517302143,0.5039470134439484,6.278586584485941,2.787575015984289,1.983501952343222,3.2686030180395664,3.0957915665112328,0.6367051545921881,3.5153540165574655,3.2414043836437294,0.0,3.0953816264123866
452,453,32.50290134742714,0.999904972744983,64.96392247058611,4.951244748200976,0.0,0.15680580407601277,0,2.749574313189643,4.864853606628561,0.5041989747336596,6.265918523597871,2.7875491083941637,1.983880639860544,3.2683502722383304,3.0963694879974195,0.6376507506074606,3.5137064757374232,3.2418277588861004,0.0,3.0953816264123866
453,454,32.521489423836414,0.9999032364205432,68.93642772739112,5.000622252936011,0.0,0.15680580407601277,0,2.7433256369432573,4.861267471360411,0.5044502041013947,6.25327341258052,2.787518551143333,1.9842560490637817,3.2681037664117953,3.096944639972329,0.6385959171822168,3.512068263982434,3.242240609183646,0.0,3.0953816264123866
454,455,32.600487523755795,0.9999014698597464,60.15430943911153,4.89444809216627,0.0,0.15680580407601277,0,2.737139894794323,4.857676882236096,0.504700708729993,6.240651396678376,2.787483394801636,1.9846282127665549,3.2678634030349714,3.097517052424224,0.6395406566952139,3.5104393603508504,3.242643195959835,0.0,3.0953816264123866
455,456,32.741391992868856,0.9998996725829982,70.70648290861668,4.9914409064065755,0.0,0.15680580407601277,0,2.7310162142087333,4.854081952592343,0.5049504957030235,6.228052617456626,2.7874436892480143,1.984997163333693,3.2676290860480215,3.09808675491708,0.6404849714895773,3.5088197433948514,3.2430357750359846,0.0,3.0953816264123866
456,457,32.8927762905385,0.9998978441039862,80.04179710013945,4.79003565474026,0.0,0.15680580407601277,0,2.724953735051052,4.850482794107474,0.5051995720061965,6.215477212859246,2.787399483680309,1.9853629326876043,3.2674007208343676,3.098653776596871,0.6414288638733363,3.507209391173527,3.243418596741613,0.0,3.0953816264123866
457,458,33.09245716739456,0.9998959839295991,70.1528543583028,5.012400637474583,0.0,0.15680580407601277,0,2.7189516094080526,4.8468795168250605,0.5054479445287527,6.202925317266235,2.787350826624918,1.9857255523145543,3.267178214199117,3.099218146197762,0.6423723361199513,3.5056082812657254,3.243791906022732,0.0,3.0953816264123866
458,459,33.17398680627583,0.9998940915598473,71.07319166262657,4.9625699291722425,0.0,0.15680580407601277,0,2.7130090014147625,4.8432722291772246,0.505695620064835,6.190397061550027,2.787297765946318,1.986085053270854,3.2669614743478164,3.09977989204821,0.6433153904688327,3.504016390782678,3.2441559425481037,0.0,3.0953816264123866
459,460,33.12332363827276,0.9998921664877809,64.49159514423224,4.954541016280204,0.0,0.15680580407601277,0,2.7071250870829897,4.8396610380076215,0.5059426053148378,6.177892573131066,2.7872403488564474,1.9864414661889611,3.26675041086552,3.100339042076973,0.6442580291258535,3.5024336963803915,3.2445109408135133,0.0,3.0953816264123866
460,461,33.06854640541294,0.9998902081580046,61.166328165723456,4.868374546532517,0.0,0.15652671732925239,0,2.7012990541322828,4.836046048594092,0.5061889068867401,6.16541197603258,2.7871786219239585,1.9867948212834932,3.266490096751564,3.100895531794307,0.6452002443890035,3.500859990667048,3.244856699322283,0.0,3.0953816264123866
461,462,32.98735849166548,0.9998882160060827,67.5724865666642,5.187039533228536,0.0,0.15652671732925239,0,2.695530101823305,4.832427364670989,0.5064345312974178,6.152955390934548,2.787112631083337,1.987145148357157,3.2662360319523067,3.1014492984126747,0.6461420287087214,3.4992950708041173,3.245193028460929,0.0,3.0953816264123866
462,463,32.90929240175982,0.9998861895007696,74.22908176514312,4.71958067056996,0.0,0.15652671732925239,0,2.6898174407935738,4.82880508845119,0.5066794849739374,6.140522935226887,2.787042421643892,1.9874924768065914,3.265988119016455,3.1020003717963935,0.6470833844676734,3.4977389195376714,3.2455201726656537,0.0,3.0953816264123866
463,464,32.9087401536435,0.999884128103463,67.59900507954926,5.005820943037159,0.0,0.15652671732925239,0,2.6841602928955415,4.82517932064779,0.5069237742548325,6.128114723061852,2.7869680382986175,1.9878368356281286,3.265746261956326,3.102548781386152,0.648024314012919,3.4961915190834882,3.2458383710373147,0.0,3.0953816264123866
464,465,32.91664820789825,0.9998820312681188,62.02470283737348,4.84853610417028,0.0,0.15652671732925239,0,2.6785578910369807,4.821550160495496,0.5071674053913604,6.115730865405678,2.786889525132929,1.9881782534234729,3.2655103662259712,3.103094556205288,0.6489648196564458,3.4946528511402817,3.246147857447583,0.0,3.0953816264123866
465,466,33.00132221665536,0.9998798984411629,65.70570345420053,4.945093520297424,0.0,0.15652671732925239,0,2.6730094790236394,4.817917705771708,0.5074103845487425,6.103371470089462,2.786806925633275,1.9885167584052985,3.2652803386996307,3.1036377248659766,0.6499049036756956,3.4931228969027033,3.246448860643102,0.0,3.0953816264123866
466,467,33.143098789739106,0.9998777290614039,69.30258423496844,4.925741519645138,0.0,0.15652671732925239,0,2.6675143114041395,4.814282052817303,0.5076527178073859,6.091036641859304,2.7867202826956246,1.9888523784027683,3.2650560876505073,3.10417831557532,0.6508445683140844,3.4916016370741123,3.2467416043476827,0.0,3.0953816264123866
467,468,33.29837170909012,0.9998755225599457,65.70223761207383,5.020908258660662,0.0,0.15652671732925239,0,2.662071653317079,4.810643296557123,0.5078944111640878,6.078726482425717,2.7866296386338374,1.9891851408669727,3.26483752272986,3.104716356141353,0.6517838157815126,3.4900890518791194,3.2470263073625696,0.0,3.0953816264123866
468,469,33.481699203942,0.9998732783600963,73.98417951217617,4.8215496483610085,0.0,0.15652671732925239,0,2.6566807803403134,4.8070015305201705,0.5081354705332236,6.066441090512304,2.786535035187912,1.9895150728762936,3.264624554946407,3.105251873978954,0.6527226482548686,3.488585121075911,3.2473031836648176,0.0,3.0953816264123866
469,470,33.557197975116885,0.9998709958772786,68.23056150373775,5.031656605083813,0.0,0.15652671732925239,0,2.651340978342381,4.803356846859523,0.5083759017479166,6.054180561903735,2.786436513532118,1.9898422011416883,3.2644170966460395,3.1057848961156713,0.653661067878525,3.4870898239683505,3.2475724425038073,0.0,3.0953816264123866
470,471,33.375100305017284,0.9998686744707446,55.437945300208156,4.817993858113662,0.0,0.15625599106073934,0,2.6460515433360436,4.79970933637195,0.5086157105611925,6.041944989493011,2.7863341142830116,1.990166552011902,3.2641618663032808,3.1063153599294804,0.6545990671857945,3.4856029613132566,3.247833870483074,0.0,3.0953816264123866
471,472,33.166200570198,0.9998663134894836,66.2177827733266,4.926823680866968,0.0,0.15625599106073934,0,2.6408117813339116,4.796059088517263,0.5088549026471166,6.029734463328046,2.7862278775073377,1.9904881514786041,3.263912701327481,3.1068432044499548,0.6555366388578885,3.4841243382717564,3.2480872660146662,0.0,3.0953816264123866
472,473,33.03273181528123,0.9998639123213688,69.9863488339956,4.935822241796018,0.0,0.15625599106073934,0,2.635621008206124,4.79240619143739,0.5090934836019155,6.017549070657556,2.7861178427298205,1.9908070251814511,3.2636695072360293,3.107368458583374,0.656473785210727,3.482653940017601,3.248332848834568,0.0,3.0953816264123866
473,474,32.955549029711534,0.9998614703459475,72.19784304220326,5.060650462412154,0.0,0.15625599106073934,0,2.6304785495400558,4.788750731975168,0.5093314589450817,6.0053888959762824,2.7860040489408404,1.9911231984130793,3.2634321909651276,3.1078911508254548,0.6574105085257055,3.4811917511977066,3.248570833775786,0.0,3.0953816264123866
474,475,32.85390942035685,0.9998589869343457,70.29287409951483,4.9816978463170045,0.0,0.15625599106073934,0,2.6253837405020186,4.7850927956928775,0.5095688341204636,5.9932540210695535,2.785886534604005,1.9914366961240242,3.26320066084859,3.108411309267437,0.6583468110502138,3.4797377559450666,3.248801430867051,0.0,3.0953816264123866
475,476,32.78468154914239,0.9998564614491724,72.40545425188357,4.906543372114674,0.0,0.15625599106073934,0,2.620335925700935,4.781432466890511,0.5098056144973395,5.981144525057181,2.7857653376636105,1.9917475429275715,3.262974826596953,3.10892896160208,0.6592826949981463,3.478291937891439,3.249024845429646,0.0,3.0953816264123866
476,477,32.815834250831365,0.9998538932444216,78.82641578965224,5.003565828703292,0.0,0.15625599106073934,0,2.6153344590539476,4.777769828623779,0.5100418053714766,5.969060484436732,2.785640495551996,1.992055763104539,3.2627545992769025,3.1094441351295705,0.6602181625504056,3.476854280179811,3.2492412781723963,0.0,3.0953816264123866
477,478,32.93086230988483,0.9998512816653744,66.00230409628574,5.059217940581793,0.0,0.15625599106073934,0,2.610378703653946,4.7741049627218635,0.5102774119661744,5.957001973126149,2.785512045196797,1.9923613806079887,3.262539891291005,3.1099568567633398,0.661153215855397,3.47542476547664,3.249450925284854,0.0,3.0953816264123866
478,479,33.07626316671836,0.9998486260485001,69.590569170861,5.0336745592290315,0.0,0.15625599106073934,0,2.605468031638976,4.770437949804914,0.5105124394332937,5.944969062505751,2.785380023028091,1.9926644190678742,3.262330616357742,3.1104671530357946,0.6620878570295177,3.474003375983887,3.2496539785287113,0.0,3.0953816264123866
479,480,33.145842477870744,0.999845925721356,66.08418012773893,4.842882852935299,0.0,0.15625599106073934,0,2.6006018240635087,4.7667688693013,0.5107468928542711,5.9329618214596165,2.7852444649854444,1.9929649017956208,3.2621266894918466,3.110975050103965,0.6630220881576362,3.472590093450827,3.249850625327474,0.0,3.0953816264123866
480,481,33.236627999393605,0.9998433210197795,65.4255944568611,4.960174086858968,1.2625302236849874,0.15599335539265374,0,3.000914172377988,4.763441582466759,0.511003525107624,5.92171019380228,2.7852563522407054,1.993362807970476,3.2618764215239517,3.1114804871548407,0.6639559020008022,3.4711847264036666,3.2500406433337954,0.0,3.0953816264123866
481,482,33.28470504636607,0.9998409593391523,74.55746756802843,4.919376925596973,1.2625302236849874,0.15599335539265374,0,3.3958401385293406,4.76079302288279,0.5113046785807928,5.911927567601054,2.7855638151554944,1.9939562624038079,3.2616320409906265,3.1119834049780235,0.6648892914635598,3.469787087629507,3.250223821896415,0.0,3.0953816264123866
482,483,33.251264431795065,0.9998388494691121,63.76717415625565,4.888697492135915,1.2625302236849874,0.15599335539265374,0,3.7854561392612727,4.75881298812472,0.5116497490669003,5.903589449862931,2.7861626582459182,1.9947425359746678,3.2613934562793734,3.1124838315542367,0.6658222587972451,3.4683971645367104,3.2504003593335216,0.0,3.0953816264123866
483,484,33.23801141287816,0.9998369986630368,75.04090986351557,4.926422855833721,1.2625302236849874,0.15599335539265374,0,4.1698375038236435,4.757491421477588,0.5120381409277077,5.8966717081936535,2.7870487455498614,1.9957189382571694,3.261160577153206,3.1129817944662705,0.6667548062197167,3.4670149440109017,3.250570449439831,0.0,3.0953816264123866
484,485,33.27647856386793,0.9998354126002609,67.74376913292618,4.905819174427398,1.2625302236849874,0.15599335539265374,0,4.549058489451721,4.7568184098616735,0.5124692669716758,5.891150565622754,2.7882179997800653,1.9968828169698873,3.26093331473009,3.1134773209048845,0.6676869359158581,3.4656404124275633,3.2507342815786773,0.0,3.0953816264123866
485,486,33.283417319909624,0.9998340953663682,70.95956704687394,4.78943165993176,1.2625302236849874,0.15599335539265374,0,4.923192296625111,4.756784181787534,0.5129425483337638,5.887002595502412,2.7896664014892605,1.9982315574330924,3.2607115814626964,3.1139704376746176,0.668618650038073,3.464273555664417,3.25089204077235,0.0,3.0953816264123866
486,487,33.31296649456563,0.9998330494512996,76.06903641564887,4.839986321014169,1.2625302236849874,0.15599335539265374,0,5.292311084109473,4.757379105340165,0.5134574143569379,5.884204716479071,2.7913899882471833,1.9997625820337124,3.2604952911184535,3.114461171199516,0.6695499507067726,3.4629143591135856,3.2510439077906996,0.0,3.0953816264123866
487,488,33.3447098814469,0.9998322757647254,62.67124672251631,5.078807335421866,1.2625302236849874,0.15599335539265374,0,5.656485983784152,4.758593686191843,0.514013302475367,5.882734187536779,2.7933848538293065,2.001473349697909,3.2602843587599004,3.114949547528772,0.6704808400108562,3.461562807693542,3.2511900592380516,0.0,3.0953816264123866
488,489,33.403168226654444,0.9998317736678648,62.96497520983438,4.8343094437781335,1.2625302236849874,0.15599335539265374,0,6.015787115258735,4.760418565643263,0.5146096580992809,5.882568603111229,2.795647147417115,2.0033613553711613,3.2600787007253307,3.1154355923422816,0.6714113200081844,3.460218885860847,3.251330667638452,0.0,3.0953816264123866
489,490,33.478765159780295,0.9998315410206919,71.07918024269794,4.972914176541073,1.2625302236849874,0.15599335539265374,0,6.370283600281574,4.762844518692553,0.5152459345014677,5.8836858882735,2.798173072809769,2.005424129505749,3.2598782346097246,3.115919330956119,0.6723413927260449,3.4588825776216825,3.2514659015192824,0.0,3.0953816264123866
490,491,33.466469538167935,0.9998314392016238,70.88132120565304,5.09546991032772,0.14544602855659192,0.1557385492416637,0,6.361581210203421,4.765558273624959,0.5159014654389888,5.885418499943752,2.800825331182091,2.0075707965274767,3.2596328122121334,3.1164007043093687,0.6732710511458764,3.457553698912049,3.2515955320617467,0.0,3.0953816264123866
491,492,33.4520971038809,0.9998313318262209,63.60487298932533,4.846888219398436,0.14544602855659192,0.1557385492416637,0,6.353013610253533,4.768252817210844,0.516555955450404,5.887113862604843,2.803469198752741,2.009712155832759,3.259393105112212,3.1168796548963065,0.6742002883883488,3.4562320697907642,3.251719342000041,0.0,3.0953816264123866
492,493,33.422522589374346,0.9998312190177537,70.36067477515806,4.749539270484993,0.14544602855659192,0.1557385492416637,0,6.344578874989207,4.7709284085164425,0.5172094196465926,5.8887725909062425,2.806104781244733,2.0118482759164706,3.259159024472609,3.1173562098033982,0.6751291066422984,3.4549176797212326,3.251837511048244,0.0,3.0953816264123866
493,494,33.27490236318335,0.9998311008969244,64.03867433410107,4.993630339281221,0.14544602855659192,0.1557385492416637,0,6.336275106380594,4.7735853029332205,0.5178618729225464,5.8903952904205275,2.8087321828813288,2.0139792242986387,3.258930482789614,3.1178303957313878,0.676057508064096,3.453610517648783,3.2519502147309836,0.0,3.0953816264123866
494,495,33.06152040680419,0.9998309775819402,74.25319834266931,4.9550966735615045,0.14544602855659192,0.1557385492416637,0,6.328100433420497,4.776223752230175,0.518513329960444,5.891982557773779,2.8113515064073895,2.0161050675383207,3.258707393873227,3.1183022390010176,0.6769854947781343,3.452310572012961,3.2520576244696615,0.0,3.0953816264123866
495,496,33.062826470806456,0.9998308491885869,65.3335805216632,4.826798310849521,0.14544602855659192,0.1557385492416637,0,6.320053011739722,4.778844004605381,0.51916380523268,5.893534980774125,2.8139628531104175,2.018225871247285,3.2584896728275283,3.118771765558663,0.6779130688773074,3.451017830759607,3.252159907667012,0.0,3.0953816264123866
496,497,33.22641105206516,0.9998307158302967,70.99896387557276,4.773100603175218,0.14544602855659192,0.1557385492416637,0,6.312131023227908,4.781446304736814,0.5198133130048528,5.895053138538446,2.816566322841301,2.0203417001034993,3.2582772360313372,3.1192390009818833,0.6788402324234839,3.4497322813527194,3.2522572277900386,0.0,3.0953816264123866
497,498,33.51459314768588,0.9998305776182164,61.489296623797415,4.84207643306479,0.14544602855659192,0.1557385492416637,0,6.304332675659751,4.78403089383244,0.5204618673387077,5.896537601617276,2.819162014034765,2.0224526178644235,3.2580700011191635,3.1197039704848923,0.6797669874479727,3.448453910786115,3.2523497444513514,0.0,3.0953816264123866
498,499,33.850054355087735,0.999830434661271,67.2957287283564,4.88725414691144,0.14544602855659192,0.1557385492416637,0,6.296656202326544,4.7865980096795955,0.5211094820950406,5.897988932117914,2.8217500237295283,2.0245586873801167,3.2578678869624405,3.120166698923944,0.6806933359519818,3.4471827055948836,3.252437613488938,0.0,3.0953816264123866
499,500,34.13933333103459,0.9998302870662271,67.55514770597752,5.017748581020916,0.14544602855659192,0.1557385492416637,0,6.289099861672976,4.7891478866936685,0.5217561709365579,5.899407683825789,2.8243304475881756,2.026659970606154,3.257670813651041,3.1206272108026383,0.6816192799070698,3.4459186518666427,3.2525209870443934,0.0,3.0953816264123866
500,501,34.47793142466165,0.9998301348411598,70.50375921025974,4.892996000759388,0.14512367018901245,0.15549132003201205,0,6.281558495010637,4.7916806681889135,0.5224019415225475,5.9007942159665,2.8269033413761924,2.0287565030948276,3.2574301242395842,3.121085448756978,0.6825448125079492,3.444661572606156,3.2525996319072368,0.0,3.0953816264123866
501,502,34.71769599926873,0.9998299779941715,69.12884227162328,4.843415643444906,0.14512367018901245,0.15549132003201205,0,6.274135238284169,4.794196495971452,0.523046801424601,5.902148883907839,2.829468760249595,2.0308483200026264,3.2571949835753036,3.121541356932253,0.6834699270844369,3.4434112948080497,3.252673326252209,0.0,3.0953816264123866
502,503,34.81568787749556,0.9998298166289485,67.85357016431979,4.820333927943941,0.14512367018901245,0.15549132003201205,0,6.266828403607827,4.796695597250359,0.5236907638834358,5.903472223450048,2.832026796939019,2.032935481379899,3.25696530550445,3.121994961550842,0.6843946257648783,3.4421678098238093,3.2527422336023055,0.0,3.0953816264123866
503,504,34.75933202729283,0.9998296508471726,71.11108703748047,5.00260078530285,0.14512367018901245,0.15549132003201205,0,6.259636327127201,4.799178196013152,0.5243338419505185,5.904764762447195,2.8345775428603472,2.0350180464224183,3.256741005166432,3.122446288461205,0.6853189106461316,3.4409311084920184,3.252806513585941,0.0,3.0953816264123866
504,505,34.43313915828862,0.9998294807485757,70.60325608349622,4.980561231016677,0.14512367018901245,0.15549132003201205,0,6.252557368677151,4.80164451307163,0.5249760484907591,5.906027020921452,2.8371210881334226,2.0370960734835464,3.2565219989744905,3.1228953631434333,0.6862427837940408,3.439701181150349,3.2528663220179284,0.0,3.0953816264123866
505,506,33.883944925588125,0.999829306430993,72.86868178565726,4.724104499073957,0.14512367018901245,0.15549132003201205,0,6.245589911444598,4.804094766107073,0.5256173961851678,5.907259511175736,2.839657521600501,2.0391696200862293,3.256308204596662,3.123342210714709,0.6871662472439007,3.43847801764734,3.252921810978893,0.0,3.0953816264123866
506,507,33.29852211349062,0.9998291279904138,67.81881524638419,4.945966020735945,0.14512367018901245,0.15549132003201205,0,6.238732361636131,4.806529169714782,0.5262578975334729,5.908462737904751,2.8421869308444325,2.0412387429348198,3.2560995409370275,3.123786855934692,0.6880893030009156,3.4372616073539723,3.252973128893149,0.0,3.0953816264123866
507,508,32.71322683243807,0.9998289455210309,63.60873064127129,4.899252605829326,0.14512367018901245,0.15549132003201205,0,6.231983148150338,4.808947935448001,0.526897564856702,5.909637198304435,2.8447094022065915,2.043303497926732,3.2558959281172406,3.1242293232108183,0.6890119530406511,3.436051939175045,3.2530204206050657,0.0,3.0953816264123866
508,509,32.25461688448238,0.9998287591152879,59.27761214423277,4.952049423297089,0.14512367018901245,0.15549132003201205,0,6.225340722254795,4.811351271861201,0.5275364102997269,5.910783382179855,2.8472250208045464,2.0453639401639307,3.255697287458334,3.124669636603526,0.6899341993094782,3.4348490015603472,3.253063827453955,0.0,3.0953816264123866
509,510,32.01692105862112,0.9998285688639252,67.97142282160121,4.776563668128863,0.14512367018901245,0.15549132003201205,0,6.218803557267666,4.81373938455276,0.5281744458337705,5.911901772051556,2.8497338705494815,2.047420123964256,3.255503541462794,3.125107819831398,0.6908560437250123,3.4336527825156433,3.253103487347505,0.0,3.0953816264123866
510,511,31.846255386619752,0.999828374760555,58.029542949424474,4.854907882647111,0.14480512490154634,0.15525142341796522,0,6.212267929898818,4.816112389468145,0.5288116775194336,5.912992659107175,2.8522359960786976,2.0494720776529367,3.255267476348117,3.125543817173876,0.691777479688349,3.432463111790968,3.253139164423217,0.0,3.0953816264123866
511,512,31.6549586608399,0.9998281767991244,67.19958537027003,4.815868932192788,0.14480512490154634,0.15525142341796522,0,6.205835944910663,4.8184704014278665,0.5294481113521305,5.9140563316345185,2.8547314415763707,2.051519829261039,3.2550367988173585,3.1259775743752565,0.6926985007316954,3.431279822998176,3.2531706340164335,0.0,3.0953816264123866
512,513,31.503418600764412,0.9998279750684019,73.02873694110775,4.853358271535671,0.14480512490154634,0.15525142341796522,0,6.199506120477588,4.8208136200053255,0.530083758950511,5.9150932571189,2.857220288503846,2.0535634315146045,3.2548114253121008,3.1264091168229204,0.6936191089248424,3.4301029092216577,3.2531980455296035,0.0,3.0953816264123866
513,514,31.57712053996305,0.9998277696555581,74.74838260665507,4.927551164375479,0.14480512490154634,0.15525142341796522,0,6.19327699587213,4.823142241945487,0.5307186317670782,5.916103896079976,2.859702617168186,2.0556029363894224,3.254591273527931,3.1268384695417453,0.694539306307041,3.4289323630385287,3.253221544731708,0.0,3.0953816264123866
514,515,31.84573304615447,0.9998275606462053,73.03461757182693,4.744428642041714,0.14480512490154634,0.15525142341796522,0,6.187147131164648,4.825456461205122,0.5313527410905554,5.917088702172037,2.8621785067385983,2.057638395121712,3.254376262395704,3.127265657199484,0.6954590948874597,3.4277681765303165,3.2532412738345515,0.0,3.0953816264123866
515,516,32.23812769010261,0.9998273481244384,61.50213114771128,4.735825992923432,0.14480512490154634,0.15525142341796522,0,6.181115106927293,4.827756468992492,0.5319860980482167,5.91804812228286,2.8646480352626367,2.0596698582186534,3.2541663120630835,3.127690704112064,0.6963784766456363,3.4266103412944537,3.2532573715675652,0.0,3.0953816264123866
516,517,32.71201155095469,0.9998271321728722,72.13882729723876,4.980015926395672,0.14480512490154634,0.15525142341796522,0,6.175179523942168,4.830042453806452,0.532618713608187,5.918982596631163,2.867111279682163,2.061697375468765,3.2539613438763575,3.128113634248805,0.6972974535319222,3.425458848455567,3.253269973251157,0.0,3.0953816264123866
517,518,33.26352343195383,0.9998269128726786,70.3863651260571,5.133178405008056,0.14480512490154634,0.15525142341796522,0,6.169339002913658,4.832314601475013,0.5332505985817074,5.919892558862652,2.869568315849089,2.0637209959521385,3.2537612803625278,3.1285344712375607,0.6982160274679202,3.424313688676572,3.2532792108686293,0.0,3.0953816264123866
518,519,33.81295853931306,0.9998266903036217,71.26996255450908,4.897330483000427,0.14480512490154634,0.15525142341796522,0,6.163592184184849,4.834573095193343,0.5338817636253694,5.92077843614471,2.8720192185408884,2.065740768050523,3.253566045211665,3.1289532383697845,0.6991342003469164,3.423174852169573,3.2532852131366963,0.0,3.0953816264123866
519,520,34.25065422579126,0.9998264645440931,60.970167061964744,4.939307424382649,0.14480512490154634,0.15525142341796522,0,6.157937727457987,4.836818115561232,0.5345122192433165,5.921640649259726,2.8744640614758943,2.0677567394572702,3.2533755632595267,3.1293699586055177,0.7000519740343049,3.422042328706576,3.2532881055746237,0.0,3.0953816264123866
520,521,34.57579747642519,0.999826235576568,73.62991703980154,5.089211405849607,0.1444903433385137,0.15501862301531794,0,6.15227330091954,4.839049754905999,0.5351419701177814,5.922479430719715,2.876902879693686,2.0697689322654615,3.253144017361053,3.129784577815817,0.7009693421308936,3.4209159544759613,3.2532876511183018,0.0,3.0953816264123866
521,522,34.76217016740941,0.9998260033840738,66.97142257203458,4.856841982595926,0.1444903433385137,0.15501862301531794,0,6.146699966515623,4.841268104759886,0.5357710208851888,5.92329501096156,2.879335707915301,2.0717773683615097,3.252917703080466,3.1301970432935873,0.7018862983647363,3.4197955694046014,3.253283623698753,0.0,3.0953816264123866
522,523,34.82621742666586,0.9998257680438251,68.3865914353388,4.938014524141465,0.1444903433385137,0.15501862301531794,0,6.1412164211876785,4.843473340718715,0.5363993817570999,5.924087798281543,2.881762617825892,2.0737820941178433,3.252696539369524,3.1306073796192697,0.7028028447489391,3.4186811681656226,3.2532761603755933,0.0,3.0953816264123866
523,524,34.919586558354304,0.9998255296317341,71.75843734295444,4.802538658758242,0.1444903433385137,0.15501862301531794,0,6.1358213804306025,4.845665635890925,0.5370270627989745,5.924858194860654,2.8841836800955436,2.0757831552471453,3.2524804463961274,3.1310156110218403,0.7037189832669835,3.417572744930896,3.253265394806965,0.0,3.0953816264123866
524,525,34.96975173912674,0.9998252882224417,73.00921655049105,4.757640161071042,0.1444903433385137,0.15501862301531794,0,6.130513578028642,4.847845160932968,0.5376540739322513,5.925606596852748,2.886598964393721,2.077780596811748,3.252269345526149,3.131421761384026,0.7046347158731701,3.4164702933824405,3.253251457321609,0.0,3.0953816264123866
525,526,35.00815576351357,0.9998250438893477,52.865202945156014,4.887323666965218,0.1444903433385137,0.15501862301531794,0,6.125291765795065,4.850012084084194,0.5382804249363978,5.9263333944714445,2.889008539403512,2.079774463232892,3.2520631593055307,3.1318258542474426,0.7055500444930566,3.415373806723624,3.253234474989527,0.0,3.0953816264123866
526,527,35.0330200040344,0.9998247967046398,73.73356399828631,4.903797052224397,0.1444903433385137,0.15501862301531794,0,6.12015471331552,4.852166571201252,0.5389061254509329,5.927038972075783,2.891412472835667,2.0817647982998535,3.25186181144265,3.1322279128176547,0.7064649710238894,3.414283277690176,3.253214571691264,0.0,3.0953816264123866
527,528,35.10640735316543,0.9998245467393216,66.78038970137243,4.8274689065508305,0.1444903433385137,0.15501862301531794,0,6.115101207695067,4.854308785791992,0.5395311849774187,5.927723708254658,2.893810831442441,2.083751645178943,3.251665226790949,3.1326279599691627,0.7073794973350271,3.413198698561005,3.2531918681858323,0.0,3.0953816264123866
528,529,35.250606865360815,0.9998242940632399,64.96712427229534,4.880777992729366,0.1444903433385137,0.15501862301531794,0,6.110130053308793,4.856438889048885,0.5401556128814259,5.928387975910043,2.896203681031237,2.0857350464223754,3.2514733313318245,3.133026018250315,0.7082936252683604,3.4121200611688334,3.2531664821773014,0.0,3.0953816264123866
529,530,35.33360702298652,0.9998240387451107,69.9249074635418,4.852079601576212,0.1444903433385137,0.15501862301531794,0,6.105240071555988,4.858557039881973,0.5407794183944695,5.929032142339034,2.8985910864780537,2.087715043977013,3.2512860521577713,3.133422109888145,0.7092073566387228,3.4110473569106468,3.2531385283800844,0.0,3.0953816264123866
530,531,35.372495316590005,0.9998237807586812,74.18779437297984,4.918639627698783,0.14417927678696482,0.15479269014166064,0,6.10033028213254,4.860663310248901,0.5414026050112202,5.929656389485004,2.9009730745502194,2.0896916545654367,3.2510589237518333,3.1338161822951167,0.7101206852401772,3.409980428121894,3.2531077697329804,0.0,3.0953816264123866
531,532,35.27458651220482,0.9998235200784061,69.42106572179807,4.861258374898041,0.14417927678696482,0.15479269014166064,0,6.09550069602007,4.862757771595956,0.5420251761972047,5.930260897925494,2.9033496718122604,2.091664894778801,3.250836876013441,3.13420818426391,0.7110336049902904,3.408919120757716,3.2530739799554906,0.0,3.0953816264123866
532,533,35.13434474326752,0.9998232567724038,71.0375231944792,4.959982322433918,0.14417927678696482,0.15479269014166064,0,6.090750165276336,4.864840578711334,0.5426471409431844,5.930846024673413,2.9057209414669622,2.093634805477062,3.25061983032236,3.1345981395950977,0.7119461178472876,3.40786343094608,3.253037285291738,0.0,3.0953816264123866
533,534,34.93615955196505,0.9998229909077087,66.9377675819625,4.935143779769834,0.14417927678696482,0.15479269014166064,0,6.0860775583044955,4.866911884191779,0.5432685081112116,5.931412121363977,2.9080869458228373,2.0956014269389645,3.2504077092378787,3.1349860717484614,0.7128582257406542,3.406813354320072,3.252997808791201,0.0,3.0953816264123866
534,535,34.71576368567111,0.9998227225502957,66.40021670943078,4.881503346450584,0.14417927678696482,0.15479269014166064,0,6.081481759620446,4.868971838473779,0.5438892864364623,5.931959534332333,2.9104477463068545,2.0975647988703168,3.250200436481184,3.13537200384805,0.7137699305715675,3.40576888602901,3.2529556703769824,0.0,3.0953816264123866
535,536,34.511173331475554,0.9998224517651034,77.07023143023022,4.853892876221673,0.14417927678696482,0.15479269014166064,0,6.076961669623461,4.8710205898642895,0.5445094845290427,5.93248860469008,2.9128034034769876,2.0995249604121473,3.2499979369179988,3.135755958687163,0.7146812342133207,3.40473002074937,3.25291098691274,0.0,3.0953816264123866
536,537,34.33841017910326,0.9998221786160568,70.48613636351094,4.892316966853799,0.14417927678696482,0.15479269014166064,0,6.072516204370111,4.873058284571049,0.5451291108757705,5.932999668400703,2.915153977034585,2.101481950148747,3.2498001365414804,3.136137958733259,0.7155921385117413,3.4036967526955206,3.252863872268297,0.0,3.0953816264123866
537,538,34.1960705471498,0.9998219031660883,66.1302714843984,4.887362579392742,0.14417927678696482,0.15479269014166064,0,6.06814429535138,4.875085066732436,0.5457481738419301,5.9334930563539166,2.9174995258365612,2.103435806115596,3.2496069624553714,3.136518026132791,0.7165026452856028,3.402669075630276,3.2528144373839654,0.0,3.0953816264123866
538,539,34.09114401530311,0.9998216254771598,68.96929717660295,4.948363519681687,0.14417927678696482,0.15479269014166064,0,6.063844889272974,4.877101078446925,0.5463666816730033,5.933969094438955,2.919840107907419,2.1053865658071795,3.2494183428574064,3.1368961827159696,0.7174127563270306,3.4016469828752647,3.2527627903335965,0.0,3.0953816264123866
539,540,34.149676092022105,0.9998213456102824,69.83037094607243,4.97068607606382,0.14417927678696482,0.15479269014166064,0,6.059616947838745,4.879106459802104,0.5469846424963756,5.934428103616813,2.922175780451098,2.1073342661846883,3.2492342070229627,3.1372724500014555,0.718322473401902,3.4006304673211187,3.2527090363863933,0.0,3.0953816264123866
540,541,34.22960732827992,0.9998210635322446,66.61046027722709,4.916068013594548,0.14387187716830943,0.15457340356511717,0,6.055360805738029,4.881101265199343,0.5476020587843893,5.934870222281627,2.9245065631105374,2.1092789193463815,3.249011397520451,3.1376467768944796,0.7192317904912833,3.399619377173872,3.252652939479705,0.0,3.0953816264123866
541,542,34.256091241299195,0.999820779210657,72.77779881877127,4.687925042756053,0.14387187716830943,0.15457340356511717,0,6.0511754178349015,4.883085548772406,0.548218932994559,5.9352955880710825,2.926832475425304,2.111220537323728,3.2487935225771802,3.138019113640191,0.720140701696123,3.398613564144791,3.252594274108471,0.0,3.0953816264123866
542,543,34.244688833908036,0.9998204927063613,66.05962285310697,4.925041452871006,0.14387187716830943,0.15457340356511717,0,6.04705977080859,4.885059447248852,0.5488352730582744,5.93570451356319,2.9291535732369764,2.1131591561931033,3.2485805059216117,3.138389483285417,0.7210492089215067,3.3976130256923827,3.2525331570145304,0.0,3.0953816264123866
543,544,34.217294697081506,0.9998202040792786,68.3488119335634,4.86821049997756,0.14387187716830943,0.15457340356511717,0,6.043012865767398,4.887023095421634,0.5494510867933102,5.936097306598143,2.9314699115976968,2.1150948115178263,3.2483722724263093,3.138757908546517,0.7219573140446368,3.3966177587869497,3.252469701930141,0.0,3.0953816264123866
544,545,34.32258325478626,0.9998199133884291,68.74213460614494,5.002681434532191,0.14387187716830943,0.15457340356511717,0,6.039033718043323,4.888976626176627,0.5500663819054448,5.936474270346812,2.933781544781407,2.117027538355465,3.2481687480908437,3.139124411814289,0.722865018915251,3.395627759921424,3.252404019642803,0.0,3.0953816264123866
545,546,34.510561009979355,0.9998196206919501,66.3120496434636,4.778182057515621,0.14387187716830943,0.15457340356511717,0,6.035121356989589,4.890920170519761,0.5506811659900546,5.93683570337826,2.9360885262949252,2.118957371265037,3.2479698600249516,3.1394890151588033,0.7237723253560342,3.394643025122019,3.252336218058804,0.0,3.0953816264123866
546,547,34.70085815599399,0.9998193260471133,72.37715061266961,4.757002768441434,0.14387187716830943,0.15457340356511717,0,6.031274825781061,4.892853857603771,0.5512954465336866,5.9371818997262915,2.938390908888867,2.12088434431411,3.2477755364319467,3.139851740334162,0.7246792351630237,3.3936635499586947,3.2522664022655157,0.0,3.0953816264123866
547,548,34.90748272054309,0.9998190295103428,67.38110925340717,4.808600450194903,0.14387187716830943,0.15457340356511717,0,6.027493181217503,4.894777814754566,0.5519092309156076,5.937513148955056,2.940688744568406,2.1228084910857983,3.2475857065923814,3.140212608783191,0.7255857501060088,3.3926893295554477,3.2521946745924484,0.0,3.0953816264123866
548,549,35.19600225767115,0.9998187311372309,65.45877518871399,4.7953907798660405,0.14387187716830943,0.15457340356511717,0,6.0237754935296355,4.896692167497221,0.5525225264093327,5.937829736223708,2.942982084603888,2.1247298446856604,3.247400300847947,3.1405716416420573,0.7264918719289246,3.391720358600422,3.2521211346711056,0.0,3.0953816264123866
549,550,35.505189588480626,0.9998184309825547,70.46383197628272,4.822777792550991,0.14387187716830943,0.15457340356511717,0,6.020120846187955,4.898597039581599,0.5531353401841307,5.938131942350144,2.945270979541289,2.1266484377485,3.247219250585618,3.140928859744823,0.7273976023502399,3.390756631355846,3.252045879493649,0.0,3.0953816264123866
550,551,35.755943016322675,0.9998181290074641,66.72548533410183,4.887329155742147,0.14356809703005016,0.15436054926128615,0,6.016430855374109,4.900492470289236,0.5537476738330949,5.938419868256452,2.947555442893147,2.128564278394395,3.247000664335165,3.1412842134423697,0.7283029355319734,3.389798001635826,3.2519686748143077,0.0,3.0953816264123866
551,552,35.93111561615185,0.9998178251740162,70.08170711501018,4.901422009048749,0.14356809703005016,0.15436054926128615,0,6.012803417251859,4.902378498843216,0.5543595289467731,5.938693614631153,2.9498354881539326,2.130477374732089,3.2467868712113717,3.1416376543864937,0.7292078657525218,3.3888443266494095,3.2518892967156576,0.0,3.0953816264123866
552,553,36.116862214149066,0.9998175195371407,63.64619775518447,4.769453927028985,0.14356809703005016,0.15436054926128615,0,6.00923763536148,4.904255246290988,0.5549709125370713,5.938953455549903,2.952111164775579,2.1323877586860043,3.2465777972148233,3.1419892048954914,0.7301123948655126,3.3878956050702977,3.2518078535673114,0.0,3.0953816264123866
553,554,36.25359699931788,0.9998172121509711,67.72869274246288,4.930263929566371,0.14356809703005016,0.15436054926128615,0,6.005732626008815,4.906122831968353,0.555581831515384,5.939199660905749,2.9543825215115853,2.134295461726672,3.246373369455944,3.142338886967176,0.731016524697519,3.386951835090924,3.2517244508954986,0.0,3.0953816264123866
554,555,36.34367176365203,0.9998169030688591,70.12923792772854,4.782573200473995,0.14356809703005016,0.15436054926128615,0,6.002287518083559,4.907981373523819,0.5561922926940255,5.939432496469691,2.9566496064269616,2.136200514877192,3.2461735161384127,3.142686722283637,0.7319202570484656,3.3860130144330163,3.25163919144476,0.0,3.0953816264123866
555,556,36.49971025581895,0.9998165923433895,66.58217717577925,4.809071308405658,0.14356809703005016,0.15436054926128615,0,5.99890145288014,4.909830986942612,0.5568023027876413,5.939652223950385,2.958912466908026,2.138102948719608,3.24597816654283,3.1430327322159295,0.7328235936920283,3.3850791403579823,3.2515521752384204,0.0,3.0953816264123866
556,557,36.55362015990764,0.9998162800263948,64.1284780066377,4.75104819424362,0.14356809703005016,0.15436054926128615,0,5.995573583921138,4.911671786570334,0.5574118684145988,5.9398591010529875,2.9611711496720647,2.1400027934011856,3.245787251010621,3.143376937828689,0.7337265363760267,3.3841502096771103,3.251463499637863,0.0,3.0953816264123866
557,558,36.3521583587588,0.9998159661689684,73.50793416803477,4.723166911890916,0.14356809703005016,0.15436054926128615,0,5.992303076783229,4.913503885136294,0.5580209960983581,5.940053381537159,2.963425700776858,2.141900078640602,3.2456007009281915,3.1437193598846838,0.7346290868228125,3.383226218761602,3.2513732594006237,0.0,3.0953816264123866
558,559,36.1217140038394,0.9998156508214785,79.82587866442711,4.83037780204364,0.14356809703005016,0.15436054926128615,0,5.9890891089256,4.915327393776508,0.5586296922688242,5.940235315274244,2.965676165630064,2.143794833734052,3.245418448711308,3.144060018849294,0.7355312467296511,3.3823071635524298,3.2512815467373355,0.0,3.0953816264123866
559,560,35.78697128138632,0.9998153340335805,68.29841630512571,4.834343097252006,0.14356809703005016,0.15436054926128615,0,5.985930869520807,4.917142422056361,0.5592379632636786,5.940405148303627,2.9679225889984755,2.1456870875612624,3.245240427789719,3.1443989348949284,0.7364330177690976,3.3813930395700273,3.251188451367536,0.0,3.0953816264123866
560,561,35.284155192378584,0.9998150157617847,70.13689296765847,4.738865257228689,0.1432678895376282,0.154153920178108,0,5.982731225378105,4.918948996247405,0.5598458099206505,5.940562949336272,2.9701649791249007,2.1475768448235986,3.2450259719029724,3.1447360597724883,0.737334394278268,3.380483705987268,3.25109374153028,0.0,3.0953816264123866
561,562,34.794355042301675,0.9998146959635742,67.38877451121344,4.9447583919175715,0.1432678895376282,0.154153920178108,0,5.979587013580641,4.920747142741941,0.5604532330854454,5.940708787297583,2.9724033443071565,2.1494641102585983,3.2448161722265794,3.1450713464960347,0.7382353707072626,3.3795790252656808,3.250997195559729,0.0,3.0953816264123866
562,563,34.299927862199354,0.9998143746890046,78.5939471769042,4.941368123288419,0.1432678895376282,0.154153920178108,0,5.976497439138586,4.922536968970302,0.5610602389717104,5.94084290289987,2.9746377284494656,2.151348912186089,3.244610956959305,3.145404816679676,0.7391359488598757,3.3786789971871625,3.2508989144266276,0.0,3.0953816264123866
563,564,33.836549480709095,0.9998140519874286,75.99052833869189,4.8078814243473795,0.1432678895376282,0.154153920178108,0,5.97346171838324,4.924318580844773,0.5616668337039592,5.940965533154672,2.976868174836638,2.1532312785233767,3.244410255376606,3.145736491626695,0.740036130513649,3.3777836210595065,3.2507989964081645,0.0,3.0953816264123866
564,565,33.44112019549507,0.9998137279075094,64.72590254651293,4.947759471947387,0.1432678895376282,0.154153920178108,0,5.970479078805883,4.926092082781185,0.5622730233188401,5.941076911426436,2.9790947261428866,2.15511123679098,3.244213997814545,3.146066392334167,0.7409359174202655,3.3768928957266966,3.250697537146813,0.0,3.0953816264123866
565,566,33.126349775398076,0.9998134024972323,69.05484050485875,4.818803962191479,0.1432678895376282,0.154153920178108,0,5.967548758898914,4.927857577720217,0.5628788137663888,5.941177267485437,2.9813174244405163,2.156988814118278,3.2440221156539413,3.1463945394975057,0.7418353113059364,3.3760068195790276,3.2505946297079973,0.0,3.0953816264123866
566,567,32.90644360784414,0.9998130758039159,68.84633050574166,4.740448217124945,0.1432678895376282,0.154153920178108,0,5.964670007999264,4.929615167148371,0.563484210911261,5.941266827559926,2.9835363112084945,2.15886403724908,3.243834541304761,3.1467209535149445,0.7427343138717833,3.375125390563053,3.2504903646366117,0.0,3.0953816264123866
567,568,32.780679602342715,0.9998127478742241,76.94561396183124,4.882084784982088,0.1432678895376282,0.154153920178108,0,5.961842086134019,4.931364951118669,0.5640892205339485,5.941345814387551,2.985751427340894,2.1607369325471186,3.243651208190741,3.147045654491949,0.7436329267942141,3.374248606191363,3.250384830012414,0.0,3.0953816264123866
568,569,32.64626456454261,0.9998124187541766,63.69251164359751,4.8329049231598615,0.1432678895376282,0.154153920178108,0,5.9590642638682585,4.933107028271041,0.5646938483319782,5.941414447266026,2.9879628131552187,2.1626075260014583,3.243472050734239,3.1473686622455634,0.7445311517252934,3.3733764635521943,3.250278111504313,0.0,3.0953816264123866
569,570,32.35411048710288,0.9998120884891599,66.24531984665593,4.769756041958753,0.1432678895376282,0.154153920178108,0,5.956335822155051,4.934841495852437,0.5652980999210931,5.941472942103085,2.9901705084006114,2.1644758432318336,3.243297004341315,3.1476899963086935,0.7454289902931069,3.3725089593188784,3.2501702924235754,0.0,3.0953816264123866
570,571,32.05209268765902,0.9998117570318132,68.0663489480673,4.895542979240814,0.1429712084663726,0.1539533160084085,0,5.9535608498747825,4.936568368951315,0.5659019754909129,5.941521339952357,2.9923745167953166,2.166341886005276,3.243086588537343,3.1480096097880703,0.7463264370042002,3.3716459577862334,3.2500611440345994,0.0,3.0953816264123866
571,572,31.79965014957871,0.9998114243358024,67.58650621619422,5.039497585476986,0.1429712084663726,0.1539533160084085,0,5.9508351265338195,4.938287662930163,0.5665054752480315,5.941559682465107,2.9945748421750804,2.1682056561656124,3.242880696390683,3.148327457017037,0.7472234864748193,3.370787326435293,3.249950447461443,0.0,3.0953816264123866
572,573,31.587796791580327,0.9998110904471058,71.40940486653743,4.855402270024975,0.1429712084663726,0.1539533160084085,0,5.9481579452739215,4.939999473390063,0.5671086047128919,5.941588181441817,2.996771523626042,2.170067178902417,3.2426792582268544,3.148643558929019,0.7481201404604948,3.3699330660569453,3.2498382971152466,0.0,3.0953816264123866
573,574,31.548730275268888,0.9998107554110729,68.70165470871848,4.975716234267875,0.1429712084663726,0.1539533160084085,0,5.945528609303403,4.941703894582209,0.5677113693266849,5.941607045400457,2.998964599683558,2.1719264790473596,3.2424822054160045,3.148957936155958,0.7490164006912806,3.369083176975327,3.2497247848491924,0.0,3.0953816264123866
574,575,31.664347119018327,0.9998104192724339,62.277880703757596,4.873113796913381,0.1429712084663726,0.1539533160084085,0,5.942946431753837,4.9434010194271,0.5683137744524778,5.941616479624193,3.0011541083400415,2.1737835810793054,3.242289470357298,3.149270609032791,0.7499122688721358,3.3682376590578555,3.249610000014724,0.0,3.0953816264123866
575,576,31.860995685285708,0.9998100820753099,71.65303116019331,4.779254873135712,0.1429712084663726,0.1539533160084085,0,5.940410735538806,4.945090939533479,0.5689158253763271,5.941616686208409,3.0033400870526914,2.175638509129338,3.2421009864635435,3.149581597601863,0.7508077466833003,3.3673965117250932,3.2494940295166423,0.0,3.0953816264123866
576,577,32.098707567407104,0.9998097438632224,61.71681986708092,4.673927228779783,0.1429712084663726,0.1539533160084085,0,5.9379208532146555,4.946773745216993,0.5695175273083755,5.9416078641070555,3.005522572751109,2.1774912869857115,3.2419166881460475,3.149890921617273,0.7517028357806653,3.3665597339604445,3.2493769578671046,0.0,3.0953816264123866
577,578,32.32911712715317,0.9998094046791036,68.43833750548544,4.840985926602963,0.1429712084663726,0.1539533160084085,0,5.9354761268432386,4.948449525518588,0.5701188853839324,5.941590209178332,3.007701601844805,2.179341938098733,3.241736510799694,3.150198600549154,0.7525975377961382,3.365727324319684,3.2492588672385403,0.0,3.0953816264123866
578,579,32.54172110562344,0.9998090645653039,66.63609127749596,4.8684628496649,0.1429712084663726,0.1539533160084085,0,5.9330759078566055,4.9501183682226415,0.5707199046645409,5.941563914229722,3.0098772102306084,2.1811904855855753,3.2415603907882513,3.1505046535878933,0.7534918543380019,3.3648992809403286,3.24913983751551,0.0,3.0953816264123866
579,580,32.74815097557088,0.9998087235636024,66.82968982883143,4.82502003375025,0.1429712084663726,0.1539533160084085,0,5.930719556923624,4.951780359874845,0.5713205901390275,5.941529169062373,3.012049433299957,2.183036952235021,3.2413882654298924,3.150809099648283,0.754385786991269,3.364075601550842,3.2490199463455247,0.0,3.0953816264123866
580,581,32.95307127152531,0.9998083621999273,75.57108245161525,4.785447552662394,0.0,0.15375854296985905,0,5.882528256671995,4.953396655190204,0.5719183707149473,5.941403507878161,3.0142012125799313,2.184870041293127,3.2411818018961758,3.15111189315009,0.7552793304264295,3.3632561553429685,3.2488989684509977,0.0,3.0953816264123866
581,582,33.03876770740201,0.9998079612896144,57.984277686810415,4.722215605976245,0.0,0.15375854296985905,0,5.834994434691357,4.954929192051265,0.5725107217061992,5.941106336488784,3.0163158118834335,2.1866786656437656,3.2409797336830226,3.1514129897043173,0.7561724794204965,3.3624408145959173,3.2487766881778266,0.0,3.0953816264123866
582,583,32.96123708721779,0.9998075212835935,67.48587472859067,4.579116577447193,0.0,0.15375854296985905,0,5.788108757862396,4.956379217334599,0.5730977168632755,5.940640616547241,3.0183937441405795,2.188463158703594,3.240781993173711,3.1517124095864055,0.7570652356822541,3.361629581017628,3.2486531941020385,0.0,3.0953816264123866
583,584,32.97088235904655,0.9998070426011747,61.931598697169306,4.639061141748343,0.0,0.15375854296985905,0,5.741862025891037,4.957747960119233,0.5736794288901478,5.940009265772019,3.020435515011442,2.19022384916322,3.2405885137651227,3.152010172779349,0.7579576008957601,3.3608224558567965,3.248528572364896,0.0,3.0953816264123866
584,585,33.10062779797743,0.9998065256313509,62.90209493796805,4.682749593556872,0.0,0.15375854296985905,0,5.696245169417811,4.959036631940025,0.5742559294591603,5.9392151585787625,3.022441622989491,2.1919610610544558,3.240399229852597,3.1523062989780395,0.7588495767207166,3.360019439912653,3.248402906726709,0.0,3.0953816264123866
585,586,33.177416012544164,0.9998059707340271,65.7140419512048,4.712559258151289,0.0,0.15375854296985905,0,5.651249248154145,4.96024642703743,0.5748272892257107,5.938261126702933,3.0244125595035647,2.1936751138166053,3.2402140768150147,3.1526008075935508,0.7597411647928348,3.359220533544574,3.248276278619569,0.0,3.0953816264123866
586,587,33.10138089832188,0.9998053782411791,70.89988973580977,4.9568476095093725,0.0,0.15375854296985905,0,5.606865449045184,4.961378522603719,0.5753935778427229,5.937149959813585,3.026348809018388,2.1953663223618167,3.2400329910001027,3.1528937177573515,0.7606323667241943,3.358425736681535,3.2481487671990257,0.0,3.0953816264123866
587,588,33.02662862759125,0.9998047484579466,64.06663267887583,4.856190076308908,0.0,0.15375854296985905,0,5.563085084458754,4.962434079025687,0.5759548639749131,5.935884406118375,3.0282508491336593,2.1970349971395016,3.2398559097099557,3.153185048325461,0.761523184103597,3.357635048831397,3.24802044939473,0.0,3.0953816264123866
588,589,33.00863343380919,0.9998040816636663,72.41122784703904,4.8669279079652,0.0,0.15375854296985905,0,5.519899590400109,4.9634142401239085,0.5765112153128532,5.934467172959951,3.030119150681728,2.1986814441998344,3.239682771186782,3.153474817882541,0.762413618496916,3.356848469090038,3.2478913999600567,0.0,3.0953816264123866
589,590,33.05848022373049,0.9998033781128441,71.3080807335987,4.717901296480714,0.0,0.15375854296985905,0,5.4773005247520885,4.964320133388583,0.5770626985868339,5.932900927403813,3.0319541778238817,2.2003059652563524,3.239513514598851,3.153763044745926,0.7633036714474388,3.3560659961503334,3.2477616915207346,0.0,3.0953816264123866
590,591,33.12435253329725,0.9998026379840493,67.60373883044231,4.877749567107874,0.0,0.15356941359212165,0,5.435279565540325,4.965152870212031,0.5776093795805305,5.9311882968177985,3.0337563881452634,2.2019088577476618,3.2393109178666504,3.1540496846069823,0.7641933377842937,3.355287503887086,3.2476311025986964,0.0,3.0953816264123866
591,592,33.13315985765874,0.9998018614333734,66.57020420686442,4.96718511391727,0.0,0.15356941359212165,0,5.393828509223141,4.9659135461178785,0.578151323144474,5.929331869443285,3.035526232748435,2.2034904148982672,3.2391125921932926,3.15433469431407,0.7650826124400554,3.3545128691673662,3.2474994211036927,0.0,3.0953816264123866
592,593,33.11898440582831,0.9998010486469121,67.87364524196204,4.764152147479508,0.0,0.15356941359212165,0,5.3529392690057955,4.966603240986971,0.5786885932093311,5.927334194958252,3.0372641563456124,2.2050509257785342,3.2389184719531454,3.1546180935065693,0.7659714970782275,3.3537420945309973,3.247366730402852,0.0,3.0953816264123866
593,594,33.11235962929866,0.9998001997892053,72.98068203270917,4.883287197756476,0.0,0.15356941359212165,0,5.312603873178715,4.967223019280083,0.5792212527989941,5.925197785032299,3.038970597349586,2.2065906753637976,3.238728492504164,3.1548999015401544,0.7668599933383139,3.3529751820661935,3.2472331115409045,0.0,3.0953816264123866
594,595,33.03662934571189,0.9997993150039726,71.06933893505214,4.769334155722462,0.0,0.15356941359212165,0,5.272814463479389,4.9677739302574535,0.5797493640434852,5.9229251138737435,3.040645987963349,2.2081099445926315,3.238542590173197,3.1551801374910124,0.767748102836178,3.35221213341909,3.247098643291771,0.0,3.0953816264123866
595,596,33.00406552009028,0.9997983944148101,71.88043163632857,4.862182991789643,0.0,0.15356941359212165,0,5.233563293477577,4.968257008195192,0.5802729881916774,5.920518618768908,3.0422907542684436,2.209609010424287,3.238360702241506,3.155458820159996,0.7686358271643966,3.3514529498031096,3.2469634022091145,0.0,3.0953816264123866
596,597,33.061646401929934,0.9997974381258476,58.502017424133655,4.847953322643568,0.0,0.15356941359212165,0,5.194842726983498,4.968673272598608,0.5807921856238335,5.917980700613709,3.043905316312061,2.211088145895312,3.2381827669305117,3.1557359680767143,0.769523167892609,3.350697632008172,3.2468274626758786,0.0,3.0953816264123866
597,598,33.096842223587075,0.9997964462223704,72.18169536412385,4.792573545638074,0.0,0.15356941359212165,0,5.156645236478683,4.969023728412508,0.5813070158639674,5.915313724437667,3.04549008819289,2.212547620175369,3.238008723387744,3.1560115995035654,0.7704101265678601,3.3499461804097472,3.246690896952827,0.0,3.0953816264123866
598,599,33.10506654414374,0.9997954187714072,63.09744256131505,4.97132726209968,0.0,0.15356941359212165,0,5.118963401569159,4.969309366228492,0.5818175375920285,5.912520019920417,3.0470454781457508,2.213987698622254,3.2378385116730057,3.156285732439704,0.7712967047149389,3.3491985949777563,3.2465537752261096,0.0,3.0953816264123866
599,600,33.17640462052832,0.9997943558222845,65.83584247213666,4.903839787942115,0.0,0.15356941359212165,0,5.0817899074606565,4.969531162489301,0.5823238086559139,5.909601881900866,3.0485718886250233,2.2154086428361355,3.2376720727447412,3.156558384624956,0.7721829038367122,3.348454875285319,3.246416165653866,0.0,3.0953816264123866
600,601,33.32211736284043,0.9997932573541392,65.6016338888238,4.821103840857104,0.0,0.15338574651093564,0,5.045117543455511,4.969690079690259,0.5828258860833088,5.90656157087907,3.050069716386884,2.216810710713017,3.237473259576965,3.1568295129821675,0.7730687189158106,3.3477148996869883,3.246277850822114,0.0,3.0953816264123866
601,602,33.46977572272404,0.9997921233296776,65.94234179204724,4.7251026970698735,0.0,0.15338574651093564,0,5.00893920147097,4.969787066577845,0.5833238260933584,5.903401313510946,3.0515393525703787,2.2181941564974452,3.237278597145449,3.1570990755580333,0.7739541450353341,3.3469785494377904,3.2461386224705384,0.0,3.0953816264123866
602,603,33.59420185820812,0.9997909537484622,71.43773100427482,4.807127225101445,0.0,0.15338574651093564,0,4.973247874578583,4.969823058345438,0.583817684108174,5.900123303095924,3.0529811827773345,2.219559230834463,3.2370880217512257,3.157367091377049,0.7748391838149236,3.3462458278305776,3.2459985592994127,0.0,3.0953816264123866
603,604,33.730285172902455,0.9997897485941931,68.66520322414051,4.721122994335002,0.0,0.15338574651093564,0,4.9380366555643835,4.969798976826277,0.5843075147641751,5.896729700057641,3.0543955871511397,2.2209061808208235,3.236901470649874,3.157633579188463,0.775723836850923,3.3455167377143287,3.245857737789502,0.0,3.0953816264123866
604,605,33.91539263748543,0.999788507835132,65.2326659764699,4.740148994379701,0.0,0.15338574651093564,0,4.903298735509572,4.969715730683675,0.5847933719232697,5.89322263241776,3.0557829404544,2.2222352500554776,3.2367188820372568,3.1578985574703675,0.7766081057167278,3.3447912815034333,3.2457162322515907,0.0,3.0953816264123866
605,606,34.09684770132019,0.9997872314244988,66.87925278584893,4.7285494524323255,0.0,0.15338574651093564,0,4.869027402391392,4.969574215598525,0.5852753086838769,5.889604196263033,3.057143612145488,2.2235466786893396,3.2365401950354724,3.1581620444337304,0.7774919919631288,3.344069461186821,3.245574114875014,0.0,3.0953816264123866
606,607,34.166550053198684,0.9997859193008506,62.95863863329882,4.844271994217641,0.0,0.15338574651093564,0,4.835216039703928,4.969375314454134,0.5857533773917905,5.885876456205693,3.0584779664540074,2.224840703474347,3.236365349679019,3.158424058026364,0.7783754971186505,3.343351278336934,3.245431455775213,0.0,3.0953816264123866
607,608,34.14175754495125,0.9997845713884358,71.56577075160814,4.607912227667541,0.0,0.15338574651093564,0,4.80185812509853,4.969119897518429,0.5862276296508891,5.882041445837274,3.0597863624551787,2.2261175578118215,3.236194286901159,3.158684615936838,0.7792586226898847,3.342636734118552,3.24528832304033,0.0,3.0953816264123866
608,609,34.07367791896384,0.9997831875975317,69.2104054212696,4.818208755970098,0.0,0.15338574651093564,0,4.768947229043595,4.968808822623572,0.586698116333695,5.878101168175938,3.0610691541431683,2.227377471800141,3.236026948520496,3.1589437355983314,0.7801413701618181,3.3419258292974634,3.245144782776865,0.0,3.0953816264123866
609,610,34.03802021281812,0.9997817678247602,69.63903119710115,4.707994489819146,0.0,0.15338574651093564,0,4.736477013503422,4.96844293534301,0.5871648875917793,5.874057596107436,3.062326690503374,2.228620672281732,3.2358632772277427,3.1592014341924295,0.7810237409981566,3.3412185642489938,3.2450008991544084,0.0,3.0953816264123866
610,611,33.974023674313294,0.9997803118985934,65.3781952406367,4.839445494387795,0.0,0.1532073662689227,0,4.704441230635876,4.968023069166016,0.5876279928660234,5.869912672819748,3.0635593155836816,2.229847382889397,3.2356681665176685,3.1594576698346164,0.7819057303300653,3.3405148216141103,3.2448564590227957,0.0,3.0953816264123866
611,612,33.825089341117724,0.9997788196344067,64.69736555871715,4.787464877162608,0.0,0.1532073662689227,0,4.6728337215085824,4.967550045669735,0.5880874808967302,5.865668312231533,3.0647673685647043,2.231057824091978,3.2354770900296153,3.1597124017321403,0.7827873333862957,3.3398144868457402,3.244711258153732,0.0,3.0953816264123866
612,613,33.79465478692653,0.9997772908894919,64.11901673978727,4.839059514634304,0.0,0.1532073662689227,0,4.641648414833406,4.967024674688789,0.5885433997335949,5.861326399414456,3.0659511838290276,2.232252213239373,3.2352899859290147,3.159965648315072,0.7836685517439969,3.3391175639167923,3.2445653710505598,0.0,3.0953816264123866
613,614,33.755484904482955,0.9997757255085046,66.87942597801604,4.867681576126231,0.0,0.1532073662689227,0,4.61087932571893,4.96644775448246,0.5889957967455312,5.856888791009474,3.0671110910294654,2.2334307646069105,3.2351067933077435,3.160217427746416,0.7845493869577004,3.3384240563641105,3.244418870091687,0.0,3.0953816264123866
614,615,33.64848525437924,0.999774123323704,70.1474250116731,4.9142863188764885,0.0,0.1532073662689227,0,4.580520554440707,4.965820071899503,0.5894447186303591,5.852357315637187,3.068247415156343,2.234593689439092,3.2349274521702824,3.160467757926082,0.7854298405596596,3.337733967297522,3.2442718255782,0.0,3.0953816264123866
615,616,33.61145173854417,0.9997724841551775,81.50414085157587,4.947581928230816,0.0,0.1532073662689227,0,4.5505662852289985,4.965142402540603,0.5898902114243543,5.847733774302328,3.0693604766038276,2.2357411959927136,3.2347519034200816,3.1607166564947975,0.786309914060183,3.337047299408731,3.2441243057805136,0.0,3.0953816264123866
616,617,33.60787465592481,0.999770807811053,66.79330613007158,4.7333980022551225,0.0,0.1532073662689227,0,4.521010785073788,4.964415510918527,0.5903323205116622,5.843019940792467,3.070450591235309,2.2368734895793714,3.234580088846131,3.1609641408379594,0.7871896089479624,3.336364054980063,3.243976376984086,0.0,3.0953816264123866
617,618,33.63641405330466,0.999769094087698,69.43530965726907,4.796121671686176,0.0,0.1532073662689227,0,4.4918484025467835,4.963640150615993,0.590771090633577,5.838217562071021,3.071518070447853,2.2379907726073656,3.23441195110973,3.1612102280894314,0.7880689266903964,3.3356842358930625,3.2438281035342063,0.0,3.0953816264123866
618,619,33.5485436120164,0.9997673427699074,67.89065085773399,4.7170845865907705,0.0,0.1532073662689227,0,4.4630735666402055,4.9628170644412934,0.5912065658976899,5.83332835866466,3.072563221235738,2.2390932446230036,3.2342474337314537,3.161454935135284,0.7889478687339095,3.335007843636945,3.2436795478798754,0.0,3.0953816264123866
619,620,33.35824503014528,0.999765553631079,71.47697510131243,4.6829708156018715,0.0,0.1532073662689227,0,4.434680785622092,4.961946984581697,0.5916387897869054,5.828354025045166,3.0735863462530837,2.240181102351318,3.2340864810783176,3.161698278617475,0.7898264365042659,3.334334879316907,3.2435307706168017,0.0,3.0953816264123866
620,621,33.1718559498996,0.9997637263760519,63.21807739931248,4.841819470033473,0.0,0.15303410312289498,0,4.406664645907905,4.9610306327546825,0.5920678051683312,5.8232962300058455,3.0745877438755933,2.2412545397362043,3.2338949937577746,3.1619402178065243,0.7907046252763567,3.333665229676439,3.243381563003862,0.0,3.0953816264123866
621,622,32.9257369115192,0.9997618606983133,63.12619871019649,4.915116587177134,0.0,0.15303410312289498,0,4.379019810948189,4.960068720356999,0.5924936543020404,5.818156617032558,3.0755677082614112,2.2423137479799884,3.2337074278273894,3.1621807130336546,0.7915824304198704,3.332998784185623,3.2432317249930285,0.0,3.0953816264123866
622,623,32.59541209563408,0.9997599563375504,69.08964548062238,4.618963419663803,0.0,0.15303410312289498,0,4.351741020132075,4.95906194861162,0.5929163788497089,5.812936804669448,3.07652652941112,2.2433589155824296,3.233523723256807,3.1624197821542777,0.7924598534707892,3.3323355474299308,3.2430813272988166,0.0,3.0953816264123866
623,624,32.18708903872875,0.999758013022579,64.95241032118996,4.8169833726094184,0.0,0.15303410312289498,0,4.324823087706381,4.958011008712603,0.5933360198831308,5.807638386879452,3.0774644932268798,2.2443902283791677,3.233343820914927,3.1626574427646545,0.7933368959431363,3.331675523566632,3.2429304385980653,0.0,3.0953816264123866
624,625,31.87846874530309,0.9997560304714704,68.70454875533454,4.947741366157572,0.0,0.15303410312289498,0,4.298260901710107,4.956916581967882,0.5937526178926111,5.802262933399646,3.078381881570728,2.245407869579626,3.2331676625564683,3.1628937122057508,0.7942135593293049,3.3310187163336074,3.242779125575761,0.0,3.0953816264123866
625,626,31.583966193108797,0.999754008391671,61.57257846696372,4.848979057509473,0.0,0.15303410312289498,0,4.272049422924087,4.955779339940031,0.594166212795241,5.79681199009153,3.079278972322047,2.24641201980437,3.232995190808735,3.1631286075670326,0.7950898451003815,3.3303651290580145,3.2426274529699377,0.0,3.0953816264123866
626,627,31.296519517147868,0.9997519464801133,76.2822107450028,4.630501054480096,0.0,0.15303410312289498,0,4.2461836838356,4.954599944585021,0.594576843943053,5.791287079286291,3.080156039434216,2.24740285712194,3.2328263491585822,3.1633621456902072,0.7959657547064646,3.3297147646648098,3.2424754836156713,0.0,3.0953816264123866
627,628,31.116767205124805,0.999749844423318,71.94448832879424,4.828787652246827,0.0,0.15303410312289498,0,4.220658787617715,4.953379048389006,0.5949845501310621,5.785689700125146,3.081013352990456,2.2483805570851554,3.2326610819395722,3.1635943431729068,0.7968412895769792,3.3290676256851244,3.2423232784881812,0.0,3.0953816264123866
628,629,30.913114935814317,0.9997477018974902,67.77397638452955,4.769453087329448,0.0,0.15303410312289498,0,4.195469907123164,4.952117294503161,0.595389369605191,5.780021328894811,3.0818511792588796,2.2493452927669026,3.2324993343193262,3.163825216372318,0.7977164511209861,3.328423714264501,3.24217089674506,0.0,3.0953816264123866
629,630,30.82283491220896,0.9997455185686059,61.31234096890463,4.802835694250111,0.0,0.15303410312289498,0,4.170612283892541,4.9508153168766,0.5957913400700834,5.774283419358179,3.0826697807467567,2.2502972347954158,3.2323410522870653,3.164054781408758,0.7985912407274863,3.327783032170992,3.242018395767645,0.0,3.0953816264123866
630,631,31.014208503251652,0.9997432940319061,64.12567884095142,4.746228781662396,0.0,0.15286579285744517,0,4.146081227176606,4.949473740387399,0.5961904986968058,5.7684774030802775,3.083469416254008,2.251236551389053,3.232153111242847,3.164282998671375,0.799465653810446,3.32714547007565,3.241865571323348,0.0,3.0953816264123866
631,632,31.40402682314187,0.999741027872045,61.57129021987451,4.79692174566588,0.0,0.15286579285744517,0,4.121872112972522,4.948093180971757,0.5965868821304394,5.7626046897495575,3.0842503409259407,2.252163408390579,3.2319689823179245,3.164509829579959,0.8003396858759283,3.3265109212937807,3.2417122276474695,0.0,3.0953816264123866
632,633,31.95899279051148,0.9997387197239503,74.35255617486577,4.774243033040617,0.0,0.15286579285744517,0,4.097980383073799,4.946674245751319,0.5969805264975644,5.756666667494595,3.0850128063052256,2.2530779693009597,3.231788607227975,3.1647352914343614,0.8012133384200306,3.3258793909610285,3.2415584320207875,0.0,3.0953816264123866
633,634,32.62368884302542,0.9997363692125361,71.86629261015781,4.783682943993993,0.0,0.15286579285744517,0,4.074401544133762,4.945217533158686,0.5973714674136376,5.750664703196268,3.0857570603831435,2.2539803953126745,3.2316119285616174,3.16495940128294,0.8020866129175287,3.3252508837927284,3.241404249767203,0.0,3.0953816264123866
634,635,33.37071147296764,0.9997339759527588,72.7172985543162,4.894746064346681,0.0,0.15286579285744517,0,4.051131166742357,4.943723633061139,0.5977597399902645,5.744600142795466,3.0864833476500952,2.254870845342556,3.231438889767374,3.1651821759263044,0.802959510822195,3.324625404092493,3.241249744297893,0.0,3.0953816264123866
635,636,34.16354406283809,0.999731539549669,70.01862777368723,4.956928460682825,0.0,0.15286579285744517,0,4.028164884516086,4.942193126882599,0.5981453788423693,5.738474311596407,3.0871919091453974,2.255749476064161,3.2312694351408204,3.165403631920998,0.8038320335671134,3.3240029557606543,3.241094977154572,0.0,3.0953816264123866
636,637,35.03540940883388,0.9997290595984567,69.85845769783494,4.810212414038721,0.0,0.15286579285744517,0,4.0054983932009085,4.9406265877238535,0.5985284180952608,5.73228851456561,3.087882982506366,2.2566164419396832,3.231103509811934,3.16562378558313,0.8047041825649885,3.3233835423025666,3.2409400080518758,0.0,3.0953816264123866
637,638,35.93518819638535,0.9997265356844918,56.757669973368365,4.883978772377872,0.0,0.15286579285744517,0,3.9831274497879052,4.939024580481072,0.5989088913915995,5.726044036626598,3.0885568020167042,2.2574718952514075,3.2309410597326274,3.1658426529919512,0.8055759592084507,3.3227671668367686,3.2407848949188884,0.0,3.0953816264123866
638,639,36.75086047930624,0.9997239673833592,67.57664670571357,4.795020139179447,0.0,0.15286579285744517,0,3.961047871641528,4.937387661962633,0.5992868318982647,5.7197421429503885,3.0892135986541978,2.25831598613272,3.2307820316644684,3.1660602499933774,0.8064473648703561,3.3221538321030084,3.240629693939823,0.0,3.0953816264123866
639,640,37.32411203655586,0.9997213542608898,64.33797125094029,4.891462877964758,0.0,0.15286579285744517,0,3.939255535640264,4.935716381004289,0.5996622723131239,5.7133840792418304,3.0898536001377375,2.259148862598676,3.2306263731665865,3.166276592203458,0.8073184009040827,3.3215435404701354,3.240474459593879,0.0,3.0953816264123866
640,641,37.576839786329494,0.999718695808596,66.66493302694245,4.885497529462517,0.0,0.15270227660462374,0,3.9177463773295265,4.934011278582692,0.600035244871706,5.706971072021842,3.0904770309736658,2.259970670576133,3.230441903164073,3.1664916410947335,0.8081890628581714,3.3209361863702584,3.240318992218241,0.0,3.0953816264123866
641,642,37.642320685269425,0.9997159915075362,61.25254198500693,4.94670281613965,0.0,0.15270227660462374,0,3.8965163900866058,4.932272887927302,0.6004057813537795,5.70050432890562,3.091084112501468,2.2607815539334513,3.2302611394539835,3.1667053591412793,0.8090593463706467,3.320331666800307,3.2401631003967792,0.0,3.0953816264123866
642,643,37.53711887955068,0.9997132408932422,65.60533743883903,4.836957751855594,0.0,0.15270227660462374,0,3.875561624297509,4.930501734630704,0.6007739130898371,5.6939850388768605,3.091675062938812,2.2615816545097784,3.2300840254417795,3.1669177631058405,0.8099292528989613,3.3197299873884623,3.240006848286131,0.0,3.0953816264123866
643,644,37.246738695859605,0.9997104434914994,59.84091440297074,4.766271205503202,0.0,0.15270227660462374,0,3.85487818654551,4.928698336757357,0.6011396709674874,5.687414372558075,3.0922500974259455,2.262371112143912,3.229910505380403,3.16712886950708,0.8107987838798624,3.319131153350499,3.239850298161142,0.0,3.0953816264123866
644,645,36.88939188038141,0.9997075988183559,59.499006462226696,4.770207739232349,0.0,0.15270227660462374,0,3.834462238811256,4.926863204950786,0.6015030854377573,5.680793482477017,3.092809428069465,2.263150064702751,3.229740524357617,3.167338694623212,0.8116679407297012,3.318535169498153,3.2396935104574522,0.0,3.0953816264123866
645,646,36.600087246568656,0.9997047063801283,68.33908432732312,4.80966978460263,0.0,0.15270227660462374,0,3.814309997684256,4.924996842539261,0.6018641865213022,5.674123503329322,3.0933532639854584,2.2639186481093487,3.2295740282835323,3.1675472544955765,0.8125367248447385,3.317942040247345,3.239536543813214,0.0,3.0953816264123866
646,647,36.282953835599315,0.9997017656734023,64.99740102867172,4.945040859931636,0.0,0.15270227660462374,0,3.794417733585594,4.923099745639959,0.6022230038145301,5.667405552237373,3.093881811342033,2.264676996370556,3.229410963878325,3.167754564932168,0.8134051376014446,3.3173517696262707,3.239379455109972,0.0,3.0953816264123866
647,648,35.88747574005666,0.9996987761850317,61.46503446305421,4.792309411466146,0.0,0.15270227660462374,0,3.7747817700017086,4.9211724032616555,0.6025795664956373,5.660640729005474,3.094395273401243,2.265425241604281,3.2292512786601324,3.1679606415111037,0.8142731803567956,3.3167643612833526,3.2392222995127047,0.0,3.0953816264123866
648,649,35.591633376203134,0.9996957373921316,75.60025807207343,4.921731900750347,0.0,0.15270227660462374,0,3.755398482729074,4.919215297405944,0.6029339033305584,5.653830116371364,3.0948938505604144,2.266163514066355,3.229094920933136,3.168165499584044,0.8151408544485649,3.3161798184950597,3.2390651305090583,0.0,3.0953816264123866
649,650,35.380135600884074,0.9996926487620701,63.74294748731672,4.711279418154346,0.0,0.15270227660462374,0,3.736264299129637,4.917228903167018,0.6032860426788318,5.646974780254146,3.0953777403928857,2.266891942177017,3.228941839775815,3.1683691542795627,0.8160081611956099,3.3155981441735967,3.2389079999477794,0.0,3.0953816264123866
650,651,35.110119914234964,0.9996895096830997,70.56678163377055,4.863490755589389,0.0,0.15254340066949662,0,3.7173756973968484,4.915213688830039,0.6036360124993814,5.6400757699986555,3.095847137688166,2.2676106525470243,3.2287607673888767,3.1685715681194764,0.8168750962766931,3.3150192363536237,3.238750712765169,0.0,3.0953816264123866
651,652,34.80100377996284,0.9996863195327154,70.58293904351856,4.651380346444247,0.0,0.15254340066949662,0,3.698729205832146,4.913170115968092,0.6039838403562166,5.633134118616342,3.096302234491527,2.268319770003386,3.228583298798638,3.1687727045989655,0.8177416554575297,3.3144429955579904,3.2385930819273434,0.0,3.0953816264123866
652,653,34.51894740697652,0.9996830777474308,68.84625102552987,4.831927110098816,0.0,0.15254340066949662,0,3.680321402131731,4.911098639537775,0.6043295534240501,5.626150843022698,3.0967432201430225,2.269019417614735,3.22840937904596,3.1689725799615034,0.8186078401581272,3.3138694278541965,3.2384351687373414,0.0,3.0953816264123866
653,654,34.31090230856722,0.9996797837538747,65.16131243892086,5.0758690919879585,0.0,0.15254340066949662,0,3.6621489126835014,4.908999707973411,0.6046731784938376,5.619126944271296,3.097170281315959,2.2697097167163376,3.2282389539945435,3.16917121021365,0.8194736517783838,3.313298538905238,3.2382770326864216,0.0,3.0953816264123866
654,655,34.12593966631739,0.9996764369687683,72.32567757171405,4.772344696362359,0.0,0.15254340066949662,0,3.644208411873989,4.90687376327994,0.6050147419782359,5.6120634077844755,3.09758360205482,2.2703907869347453,3.2280719703186405,3.169368611128581,0.8203390916983903,3.3127303339777523,3.2381187314951694,0.0,3.0953816264123866
655,656,33.96086434889817,0.9996730367988962,67.80786918032756,4.835139847454726,0.0,0.15254340066949662,0,3.626496621405164,4.9047212411244665,0.6053542699169862,5.604961203580724,3.0979833638126433,2.2710627462120976,3.2279083754909403,3.1695647982495587,0.8212041612787248,3.3121648179500363,3.237960321153768,0.0,3.0953816264123866
656,657,33.82169031755121,0.9996695826410774,69.12581973755893,4.76470508486896,0.0,0.15254340066949662,0,3.609010309620963,4.902542570926522,0.6056917879822183,5.597821286498807,3.098369745487874,2.271725710830079,3.2277481177706475,3.169759786893355,0.8220688618607451,3.3116019953199234,3.2378018559614565,0.0,3.0953816264123866
657,658,33.71566913211765,0.9996660738821324,71.09545267572784,4.8341678417233425,0.0,0.15254340066949662,0,3.5917462908434037,4.90033817594703,0.6060273214836819,5.590644596418695,3.09874292346069,2.2723797954335327,3.2275911461917297,3.169953592153621,0.8229331947668767,3.311041870212533,3.2376433885651807,0.0,3.0953816264123866
658,659,33.64551255331127,0.999662509898847,62.97261514505252,4.796555296801329,0.0,0.15254340066949662,0,3.5747014247181492,4.898108473376016,0.6063608953739007,5.583432058479321,3.0991030716288073,2.2730251130537433,3.227437410551345,3.170146228904207,0.8237971613008949,3.31048444638789,3.2374849699974613,0.0,3.0953816264123866
659,660,33.555103732861774,0.9996588900579363,63.60033778464356,4.788507840870748,0.0,0.15254340066949662,0,3.5578726155693876,4.895853874419056,0.606692534253255,5.576184583293226,3.0994503614427815,2.2736617751313806,3.22728686139844,3.1703377118024343,0.8246607627482039,3.3099297272484156,3.2373266497134865,0.0,3.0953816264123866
660,661,33.5527347085275,0.999655213641073,58.68064869081037,4.841385182714077,0.0,0.15238901636139565,0,3.541256811763895,4.893574784382505,0.607022262374991,5.568903067158127,3.099784961940803,2.274289891539123,3.227109114944863,3.1705280043863757,0.825523994913575,3.309377614280392,3.2371682372515176,0.0,3.0953816264123866
661,662,33.6080784030046,0.999651479918551,64.27905351329363,4.698205429046404,0.0,0.15238901636139565,0,3.524851005084148,4.891271602757509,0.6073501036501597,5.561588392265464,3.100107039782997,2.274909570603957,3.2269348730145393,3.170717071140195,0.8263868536862835,3.3088280113843482,3.237009549967362,0.0,3.0953816264123866
662,663,33.73397845101749,0.999647688224728,62.333459020011794,4.8313942207051666,0.0,0.15238901636139565,0,3.5086522301103633,4.88894472330282,0.6076760816524851,5.554241426905956,3.100416759285237,2.275520919129159,3.226764082231143,3.1709049278053274,0.8272493404500522,3.3082809250180074,3.236850646547448,0.0,3.0953816264123866
663,664,33.970607998333335,0.9996438378836446,68.22092805684022,4.695530900725175,0.0,0.15238901636139565,0,3.492657563611329,4.886594534126431,0.608000219623162,5.546863025672211,3.100714282452477,2.2761240424159643,3.226596690017344,3.1710915898932357,0.8281114565690718,3.3077363612424633,3.2366915839319126,0.0,3.0953816264123866
664,665,34.13289998190285,0.9996399282089756,71.38928891071554,4.846643788973385,0.0,0.15238901636139565,0,3.4768641239439106,4.884221417766053,0.6083225404755875,5.539454029658445,3.1009997690116076,2.2767190442849268,3.2264326445828706,3.17127707268883,0.8289732033882943,3.3071943257301233,3.236532417354311,0.0,3.0953816264123866
665,666,34.30499070012685,0.9996359585039771,71.16075024961266,4.841565244073427,0.0,0.15238901636139565,0,3.461269070461102,4.881825751268447,0.608643066800024,5.53201526665733,3.1012733764438463,2.2773060270969774,3.2262718949127556,3.1714613912538425,0.8298345822337193,3.3066548237725133,3.2363732003805263,0.0,3.0953816264123866
666,667,34.53928822549339,0.9996319280614333,68.28535260790044,4.744875056388881,0.0,0.15238901636139565,0,3.4458696029285023,4.879407906267616,0.6089618208681954,5.524547551354035,3.1015352600166644,2.2778850917741793,3.226114390755752,3.171644560430149,0.830695594412678,3.306117860287955,3.2362139849468816,0.0,3.0953816264123866
667,668,34.769087300917384,0.9996278361636004,67.55288065156104,4.857117976661609,0.0,0.15238901636139565,0,3.430662960949103,4.8769682490619015,0.6092788246378191,5.517051685517473,3.1017855728152637,2.2784563378201907,3.2259600826129278,3.1718265948430417,0.8315562412141124,3.3055834398291166,3.236054821397482,0.0,3.0953816264123866
668,669,35.058974935700256,0.9996236820821471,66.87293057402175,4.813383131765072,0.0,0.15238901636139565,0,3.4156464233962534,4.874507140689966,0.6095940997570727,5.509528458188825,3.1020244657735994,2.2790198633404346,3.2258089217264243,3.1720075089044517,0.8324165239088493,3.3050515665904334,3.23589575852079,0.0,3.0953816264123866
669,670,35.38667465213454,0.9996194650780964,64.85840491256602,4.60766389932012,0.0,0.15238901636139565,0,3.4008173078547084,4.872024937005704,0.609907667568997,5.5019786458673545,3.102252087704967,2.2795757650619812,3.225660860068388,3.172187316816127,0.8332764437498722,3.3045222444154083,3.2357368435854608,0.0,3.0953816264123866
670,671,35.70578198171188,0.9996151843203969,62.37515824678808,4.842117650219032,0.0,0.1522389798306758,0,3.3861729700696244,4.869521988752084,0.610219549115837,5.494403012693561,3.10246858533215,2.2801241383531496,3.225486369550141,3.1723659831004345,0.8341359966638859,3.3039953780981914,3.235577890712659,0.0,3.0953816264123866
671,672,36.019225869732395,0.999610838965747,76.2194518004667,4.6363747532446915,0.0,0.1522389798306758,0,3.371710803403401,4.866998641633939,0.6105297651433207,5.486802310629713,3.102674103317141,2.2806650772428276,3.225315287398911,3.1725434731994273,0.8349951786597299,3.303470874775828,3.2354187216336134,0.0,3.0953816264123866
672,673,36.23662020626852,0.9996064282405794,65.29815641912779,4.805711737679946,0.0,0.1522389798306758,0,3.357428238300253,4.864455236389717,0.6108383361048767,5.479177279637794,3.1028687842904388,2.2811986744395187,3.225147561770335,3.1727198023691625,0.8358539910859645,3.3029487412509906,3.2352593926262805,0.0,3.0953816264123866
673,674,36.342669401620306,0.99960195136035,65.2505153996368,4.728790393422004,0.0,0.1522389798306758,0,3.3433227417584064,4.8618921088622225,0.6111452821657922,5.471528647854895,3.1030527688799268,2.281725021350117,3.224983141595967,3.1728949856424356,0.8367124352721775,3.3024289839375696,3.235099958283767,0.0,3.0953816264123866
674,675,36.488451987346906,0.9995974075294676,63.92712019989424,4.871690056684615,0.0,0.1522389798306758,0,3.329391816809805,4.859309590068333,0.6114506232073121,5.463857131766101,3.103226195739344,2.2822442080984158,3.224821976571689,3.1730690378321036,0.8375705125292681,3.3019116088684055,3.2349404715527252,0.0,3.0953816264123866
675,676,36.67352471690927,0.9995927959412229,54.65448241563686,4.856654912866491,0.0,0.1522389798306758,0,3.315633002007221,4.85670800626774,0.6117543788306788,5.456163436374896,3.103389201576349,2.28275632354335,3.224664017146294,3.173241973534361,0.8384282241497254,3.3013966217028963,3.2347809837709653,0.0,3.0953816264123866
676,677,36.87145464778814,0.9995881157777146,64.5558535965845,4.943478480487375,0.0,0.1522389798306758,0,3.302043870918672,4.854087679030702,0.6120565683611157,5.448448255371124,3.103541921180182,2.2832614552969828,3.2245092145102405,3.173413807131966,0.8392855714079039,3.300884027734476,3.2346215447043027,0.0,3.0953816264123866
677,678,37.100154564439876,0.999583366209775,72.89816071466151,4.95270779240867,0.0,0.1522389798306758,0,3.2886220316290267,4.851448925304832,0.6123572108517524,5.440712271296552,3.1036844874489375,2.2837596897422348,3.2243575205845723,3.173584552797418,0.8401425555602949,3.300373831897968,3.234462202582655,0.0,3.0953816264123866
678,679,37.34821072025327,0.999578546396893,62.19691843986705,4.804932790630785,0.0,0.1522389798306758,0,3.275365126248711,4.848792057480944,0.6126563250874962,5.4329561557080455,3.1038170314164475,2.2842511120503586,3.2242088880100046,3.173754224496088,0.8409991778457928,3.299866038776819,3.234303004135401,0.0,3.0953816264123866
679,680,37.680055913269854,0.9995736554871361,72.7962645938849,4.745018392122888,0.0,0.1522389798306758,0,3.2622708304294057,4.846117383457949,0.6129539295888464,5.425180569338422,3.10393968227878,2.2847358061981677,3.224063270136175,3.173922835989303,0.8418554394859586,3.2993606526102095,3.234143994626021,0.0,3.0953816264123866
680,681,38.0293559365238,0.9995686925283365,63.155281996816996,4.937589286514253,0.0,0.1520931519107974,0,3.2493368528866355,4.843425206706841,0.6132500426156556,5.417386162254985,3.1040525674203625,2.2852138549850194,3.223891967183936,3.174090352752782,0.8427113365254895,3.2988575813631984,3.233984992721519,0.0,3.0953816264123866
681,682,38.26878981787126,0.999563656554999,67.23805885760248,4.819879318772788,0.0,0.1520931519107974,0,3.236560934929157,4.840715826333757,0.613544682170837,5.409573574015796,3.104155812439732,2.2856853400495547,3.223723979458259,3.174256741156377,0.8435668650889221,3.2983567352748775,3.233825824496405,0.0,3.0953816264123866
682,683,38.40838753183557,0.9995585466777676,62.42431539370194,4.877592010497609,0.0,0.1520931519107974,0,3.223940849995041,4.837989537142156,0.6138378660040188,5.401743433823697,3.104249541174921,2.2861503418862017,3.2235592565975653,3.1744220159868637,0.8444220264907412,3.297858121451161,3.2336665440034746,0.0,3.0953816264123866
683,684,38.407851527397696,0.9995533619954614,71.74375201521477,4.893780551114654,0.0,0.1520931519107974,0,3.2114744031943614,4.835246629694099,0.6141296116151471,5.39389636067813,3.104333875728481,2.286608939861442,3.223397748993862,3.174586191814252,0.8452768220269997,3.297361746616979,3.23350720366849,0.0,3.0953816264123866
684,685,38.36300196161496,0.9995481015949889,71.81558391498147,4.626976188307469,0.0,0.1520931519107974,0,3.199159430858395,4.832487390370665,0.6144199362580371,5.386032963524779,3.1044089364921463,2.287061212229849,3.2232394077814837,3.174749282995015,0.8461312529755949,3.2968676171238083,3.2333478543273197,0.0,3.0953816264123866
685,686,38.28859446847006,0.9995427645512592,73.48139890235203,5.0327825179470675,0.0,0.1520931519107974,0,3.1869938000952325,4.829712101431501,0.6147088569438738,5.378153841403069,3.1044748421711543,2.287507236149893,3.223084184826005,3.174911303675266,0.8469853205965386,3.2963757389570847,3.2331885452623284,0.0,3.0953816264123866
686,687,38.14916533545621,0.9995373499270928,72.09703856020985,4.79343141298916,0.0,0.1520931519107974,0,3.1749754083517217,4.826921041073532,0.6149963904446627,5.370259583591543,3.1045317098082132,2.287947087699527,3.222932032713317,3.175072267793895,0.8478390261322254,3.295886117743486,3.23302932423802,0.0,3.0953816264123866
687,688,38.02944215405976,0.9995318567731298,75.05954415765525,4.805688656911251,0.0,0.1520931519107974,0,3.1631021829816386,4.824114483488826,0.6152825532966323,5.362350769751157,3.104579654807131,2.288380841891546,3.222782904738871,3.175232189085654,0.8486923708076952,3.295398758758098,3.2328702375359586,0.0,3.0953816264123866
688,689,37.90768294243535,0.9995262841277385,70.18825785436634,4.767334957025838,0.0,0.1520931519107974,0,3.1513720808200127,4.821292698921643,0.615567361803587,5.354427970066524,3.104618790956108,2.2888085726887284,3.2226367548970747,3.175391081084196,0.8495453558308926,3.294913666931463,3.2327113299889723,0.0,3.0953816264123866
689,690,37.75803339733283,0.9995206310169198,71.51048987959591,4.813980290465976,0.0,0.1520931519107974,0,3.139783087763506,4.818455953724669,0.6158508320402123,5.346491745385128,3.104649230450698,2.289230353018767,3.2224935378708555,3.17554895712507,0.8503979823929225,3.2944308468565047,3.2325526450146604,0.0,3.0953816264123866
690,691,37.725838543316634,0.9995148963571013,61.91025476239483,4.630584751584583,0.0,0.15195139796556134,0,3.1283332183567656,4.815604510414449,0.6161329798553346,5.338542647354538,3.104671083916442,2.289646254788979,3.2223253556923037,3.175705783607406,0.8512502466526609,3.2939502095386692,3.232394005774098,0.0,3.0953816264123866
691,692,37.71611745887812,0.9995090790501223,65.158380834778,5.011797528884589,0.0,0.15195139796556134,0,3.1170205153846693,4.812738627726031,0.6164138208751323,5.330581218557661,3.1046844604311814,2.2900563489008134,3.222160398517693,3.175861527799719,0.852102144846602,3.2934716681909713,3.232235242638322,0.0,3.0953816264123866
692,693,37.599412747128795,0.9995031780812046,72.08834474532685,4.876457904649346,0.0,0.15195139796556134,0,3.105843049470366,4.809858560666832,0.6166933705063031,5.322607992646047,3.1046894675470518,2.29046070526415,3.2219986174206734,3.176016204035066,0.8529536782562056,3.2929952301841707,3.2320764075969004,0.0,3.0953816264123866
693,694,37.44066403469908,0.9994971924227363,68.80420460513325,4.755314179671345,0.0,0.15195139796556134,0,3.0947989186790466,4.806964560569742,0.616971643939185,5.314623494471287,3.1046862113121647,2.290859392811393,3.2218399642068634,3.176169826436023,0.8538048481450242,3.2925209025157813,3.2319175510669087,0.0,3.0953816264123866
694,695,37.165484092936815,0.9994911210341701,70.05933869246539,4.763389820772634,0.0,0.15195139796556134,0,3.083886248127348,4.804056875145463,0.6172486561508334,5.306628240214523,3.104674796291979,2.2912524795113662,3.2216843914029187,3.1763224089178204,0.8546556557589697,3.2920486918174077,3.2317587219288857,0.0,3.0953816264123866
695,696,36.913290259926,0.9994849628619212,69.46177732539884,4.775084002457738,0.0,0.15195139796556134,0,3.0731031895983225,4.801135748534108,0.6175244219080542,5.298622737514096,3.1046553255903726,2.291640032383011,3.22153185224576,3.176473965191432,0.855506102326577,3.2915786043619635,3.231599967562054,0.0,3.0953816264123866
696,697,36.80233882283349,0.999478716839262,69.84425406492747,4.89994475043055,0.0,0.15195139796556134,0,3.0624479211618842,4.798201421356069,0.6177989557703946,5.290607485591369,3.1046279008704087,2.292022117508886,3.2213823006719653,3.1766245087666185,0.8563561890592637,3.29111064607077,3.2314413338788253,0.0,3.0953816264123866
697,698,36.80748439679936,0.9994723818862177,60.92547162834919,4.694331540751726,0.0,0.15195139796556134,0,3.051918646800657,4.795254130762157,0.6180722720930892,5.28258297537474,3.10459262237481,2.2923988000484776,3.2212356913073195,3.176774052954924,0.8572059171515856,3.2906448225205365,3.2312828653585988,0.0,3.0953816264123866
698,699,37.020443759282145,0.9994659569094579,66.76845876278173,4.748242513036565,0.0,0.15195139796556134,0,3.0415135960411526,4.792294110483023,0.618344385029967,5.274549689621871,3.104549588946141,2.292770144251321,3.22109197945652,3.1769226108726296,0.8580552877814885,3.2901811389502242,3.231124605080871,0.0,3.0953816264123866
699,700,37.24980033559208,0.9994594408021898,76.43354573280682,4.810090086206871,0.0,0.15195139796556134,0,3.0312310235901943,4.789321590877888,0.6186153085363144,5.266508103040169,3.1044988980467028,2.293136213469933,3.2209511210930333,3.177070195443661,0.8589043021105568,3.2897196002677984,3.2309665947576667,0.0,3.0953816264123866
700,701,37.33982087280924,0.9994528323374559,76.39601001297996,4.715352804598666,0.0,0.1518135877413294,0,3.021069208976519,4.78633679898257,0.6188850563716994,5.258458682405537,3.104440645778143,2.29349707017256,3.2207859944244603,3.177216773961573,0.859752956408156,3.2892601203946747,3.2308086619804635,0.0,3.0953816264123866
701,702,37.39016036911253,0.9994461302722818,59.53103879017443,4.735127792577049,0.0,0.1518135877413294,0,3.0110264561974773,4.7833399585568275,0.6191536421027545,5.250401886679407,3.10437492690079,2.293852775955749,3.2206240053604422,3.1773623145653493,0.8606012470191194,3.288802615395675,3.2306506413582188,0.0,3.0953816264123866
702,703,37.4735953117339,0.9994393334552621,68.82073962765105,4.899267387207307,0.0,0.1518135877413294,0,3.0011010933707656,4.780331290131033,0.6194210791059203,5.242338167124118,3.1043018348527096,2.2942033915567346,3.2204651063638607,3.177506831149368,0.8614491751929002,3.2883470928710863,3.2304925829607667,0.0,3.0953816264123866
703,704,37.49866242688136,0.9994324407210019,70.85834601434763,4.744429780495417,0.0,0.1518135877413294,0,2.9912914723911137,4.777311011052183,0.61968738057015,5.2342679674166055,3.104221461768492,2.2945489768656513,3.2203092506086466,3.1776503374036076,0.8622967421615501,3.2878935600556187,3.2303345353370347,0.0,3.0953816264123866
704,705,37.48315170035737,0.999425450890001,64.08748274197465,4.727065417932985,0.0,0.1518135877413294,0,2.9815959685918587,4.774279335529246,0.6199525594995758,5.2261917237604845,3.1041338984977673,2.294889590937575,3.220156391969158,3.1777928468166943,0.8631439491399798,3.287442023825552,3.2301765455498668,0.0,3.0953816264123866
705,706,37.48413709562538,0.9994183627685382,61.719367137139045,4.815595882332967,0.0,0.1518135877413294,0,2.972012980411339,4.771236474677872,0.6202166287161367,5.2181098649965065,3.104039234623465,2.2952252920043863,3.2200064850097196,3.177934372678902,0.8639907973262151,3.2869924907057695,3.230018659210135,0.0,3.0953816264123866
706,707,37.61862588160487,0.9994111751485532,75.61076358118447,4.742424138263634,0.0,0.1518135877413294,0,2.9625409290640334,4.768182636564462,0.6204796008621692,5.210022812711435,3.103937558479806,2.2955561374864737,3.2198594849743185,3.178074928085107,0.8648372879016482,3.286544966876671,3.2298609205101596,0.0,3.0953816264123866
707,708,37.81706421416994,0.9994038868075271,75.15034928255658,4.785362893637909,0.0,0.1518135877413294,0,2.9531782582163824,4.765118026249612,0.6207414884029617,5.201930981345361,3.1038289571700446,2.295882184004263,3.21971534777645,3.1782145259377015,0.8656834220312869,3.2860994581809733,3.22970337225644,0.0,3.0953816264123866
708,709,38.000998685574565,0.9993964965083626,74.17191185196424,4.755327563040334,0.0,0.1518135877413294,0,2.9439234336672246,4.762042845830938,0.621002303629271,5.193834778297467,3.1037135165839524,2.296203487389587,3.219574029989119,3.17835317894946,0.8665292008639989,3.2856559701304007,3.2295460559017233,0.0,3.0953816264123866
709,710,38.118679684615444,0.9993890029992627,70.40155211144445,4.62688965818437,0.0,0.1518135877413294,0,2.934774943032781,4.758957294485291,0.6212620586598048,5.185734604030277,3.103591321415058,2.2965201026968893,3.2194354888349883,3.178490899646365,0.8673746255327527,3.2852145079122597,3.22938901157641,0.0,3.0953816264123866
710,711,38.29761382890953,0.9993814048963319,75.95717307958914,4.657477858416255,0.0,0.15167959522406507,0,2.9257312954361243,4.75586156851037,0.6215207654436676,5.17763085217241,3.1034624551776395,2.296832084214274,3.2192733538958653,3.17862765618834,0.8682196924138351,3.2847749882452986,3.2292320712291787,0.0,3.0953816264123866
711,712,38.57338328824885,0.9993737007980672,66.52861917469241,4.779143445373444,0.0,0.15167959522406507,0,2.9167910212010657,4.7527558613657455,0.6217784357627726,5.169523909619849,3.1033270002234747,2.2971394854743927,3.219114271893755,3.1787634175575485,0.8690643979569188,3.284337329929732,3.2290750736387874,0.0,3.0953816264123866
712,713,38.81484876386237,0.9993658894037748,65.50735600643553,4.677805149926465,0.0,0.15167959522406507,0,2.9079526715504027,4.749640363713297,0.6220350812342184,5.1614141566357645,3.1031850377583536,2.2974423592651814,3.2189581966362835,3.178898197224226,0.8699087433804338,3.283901540762916,3.228918067082918,0.0,3.0953816264123866
713,714,39.059731314553545,0.9993579693974772,63.749068240550045,4.867779696566264,0.0,0.15167959522406507,0,2.899214818308459,4.746515263457075,0.6222907133126327,5.153301966948897,3.103036647858356,2.2977407576404394,3.218805082621877,3.179032008460097,0.8707527298859,3.28346762818422,3.2287610983672446,0.0,3.0953816264123866
714,715,39.2961032958177,0.9993499394477843,61.66621620113665,4.9338007255829766,0.0,0.15167959522406507,0,2.8905760536078593,4.743380745782597,0.6225453432924825,5.145187707850519,3.1028819094858977,2.2980347319302643,3.2186548850294456,3.1791648643413315,0.8715963586581795,3.2830355992819906,3.228604212859178,0.0,3.0953816264123866
715,716,39.53766152254966,0.9993417982077648,61.79922008392293,4.914189746496477,0.0,0.15167959522406507,0,2.882034989600478,4.740236993195579,0.6227989823103502,5.137071740290014,3.1027209005055454,2.2983243327513305,3.2185075597082164,3.17929677775146,0.872439630865725,3.282605460800401,3.228447454520922,0.0,3.0953816264123866
716,717,39.790085038262376,0.9993335443148152,67.17639589128147,4.937555013941299,0.0,0.15167959522406507,0,2.8735902581725044,4.737084185560125,0.6230516413471799,5.1289544189690774,3.102553697699612,2.2986096100170292,3.2183630631677254,3.1794277613842463,0.8732825476608248,3.2821772191461895,3.228290865941852,0.0,3.0953816264123866
717,718,39.97801007099902,0.9993251763905282,58.261365550369945,4.695085735662344,0.0,0.15167959522406507,0,2.865240510663558,4.733922500136365,0.6233033312304891,5.120836092434557,3.1023803767835263,2.2988906129474573,3.218221352567952,3.179557827746513,0.8741251101798446,3.281750880395282,3.228134488370236,0.0,3.0953816264123866
718,719,40.07009964850258,0.9993166930405583,77.13437299011149,4.762896999414625,0.0,0.15167959522406507,0,2.8569844175898083,4.7307521116175595,0.6235540626365501,5.112717103169964,3.1022010124209825,2.29916739007927,3.2180823857096077,3.1796869891609307,0.8749673195434644,3.2813264502993107,3.227978361744305,0.0,3.0953816264123866
719,720,40.22696171913606,0.9993080928544888,76.12822390927526,4.733229021574781,0.0,0.15167959522406507,0,2.8488206683710313,4.727573192166676,0.6238038460925402,5.104597787685666,3.1020156782388786,2.2994399892753883,3.217946121024563,3.1798152577687615,0.8758091768569132,3.28090393429202,3.2278225247226846,0.0,3.0953816264123866
720,721,40.33023553759579,0.9992992238984659,60.87332486009533,4.772070406652708,0.0,0.0,0,2.840747971061554,4.724385911452446,0.624052691978662,5.096478476607781,3.1018244468420386,2.299708457734573,3.1880088907819415,3.1798926314313354,0.876645316373072,3.28038355096311,3.227432814973284,0.0,3.0953816264123866
721,722,40.28632949248039,0.9992899305018396,64.3097744377466,4.8449787193569875,0.0,0.0,0,2.8327650520850276,4.721190436684907,0.6243006105302318,5.088359494765792,3.1016273898277267,2.299972842000858,3.158481742948399,3.179870243802173,0.8774704728673557,3.2796682275349958,3.22658422855663,0.0,3.0953816264123866
722,723,40.21005426969623,0.9992802052268924,71.57488398489399,4.775992770272114,0.0,0.0,0,2.824870655972972,4.717986932650439,0.6245476118397398,5.080241161278906,3.1014245777999547,2.30023318797285,3.129358630981658,3.179749791021307,0.8782847965396413,3.278761981377162,3.225290307777211,0.0,3.0953816264123866
723,724,40.14059279050068,0.9992700400886828,63.64051561860467,4.821186342099115,0.0,0.0,0,2.817063545107052,4.714775561746303,0.6247937058588813,5.0721237896411555,3.1012160803835855,2.3004895409129023,3.1006335984701,3.1795329434676938,0.8790884353795476,3.277668762999402,3.223564289293941,0.0,3.0953816264123866
724,725,40.07822869029432,0.9992594265532821,72.65122647098522,4.869919153154346,0.0,0.0,0,2.8093424994650094,4.711556484014686,0.6250389024005566,5.064007687805299,3.1010019662382358,2.3007419454561475,3.0723007777871927,3.1792213461448067,0.8798815351993722,3.2763924570949854,3.2214191102992094,0.0,3.0953816264123866
725,726,39.96672437278549,0.99924835553483,79.01070977457141,4.797140337884293,0.0,0.0,0,2.80170631637022,4.708329857176263,0.6252832111408452,5.055893158265492,3.100782303071982,2.300990445619409,3.0443543887660094,3.1788166190604716,0.8806642396665344,3.2749368835679538,3.21886741458041,0.0,3.0953816264123866
726,727,39.683012885093326,0.9992368173914539,61.31099153728063,4.7488116561607665,0.0,0.0,0,2.7941538102448136,4.7050958366632845,0.6255266416209504,5.047780498138772,3.1005571576548694,2.301235084809985,3.01678873739354,3.1783203576010295,0.881436690335536,3.273305798544783,3.2159215584660963,0.0,3.0953816264123866
727,728,39.23056542411224,0.9992248019200902,64.04319773247505,4.694416067905196,0.0,0.0,0,2.786683812366307,4.701854575652181,0.6257692032491166,5.039669999245383,3.1003265958322315,2.301475905834304,2.9895982145245035,3.1777341328999067,0.882199026679443,3.27150289537064,3.21259361665888,0.0,3.0953816264123866
728,729,38.79313339944945,0.9992122983502453,73.56288358727207,4.947156321801602,0.0,0.0,0,2.779295170627701,4.6986062250957215,0.6260109053025192,5.031561948187926,3.1000906825378163,2.3017129509064604,2.96277729461436,3.177059492200683,0.8829513861208993,3.2695318055904807,3.2088953879571425,0.0,3.0953816264123866
729,730,38.495379383784375,0.9991992953367239,62.61260581871632,4.676822452790396,0.0,0.0,0,2.7719867493009933,4.695350933754698,0.6262517569291276,5.023456626429381,3.0998494818067295,2.3019462616566284,2.9363205344712466,3.1762979592147333,0.8836939040626752,3.267396099915198,3.2048384008675956,0.0,3.0953816264123866
730,731,38.24271577754549,0.9991857809513512,72.08755027817996,5.07170222534918,0.0,0.0,0,2.764757428804057,4.692088848229167,0.6264917671495418,5.015354310369998,3.099603056788191,2.302175879139353,2.9102225720265484,3.175451034473528,0.884426713917762,3.265099289173067,3.2004339191106967,0.0,3.0953816264123866
731,732,37.99301549794631,0.99917174267371,65.60555604606519,4.658012930024804,0.0,0.0,0,2.757606105470837,4.688820112989246,0.6267309448588029,5.007255271423085,3.09935146975811,2.3024018438417277,2.8844781251238256,3.1745201956756715,0.8851499471390158,3.2626448252466886,3.1956929470208797,0.0,3.0953816264123866
732,733,37.77234471119775,0.9991571673809138,60.07304327627102,4.707157959521487,0.0,0.0,0,2.750531691324817,4.685544870405468,0.6269692988281778,4.999159776089705,3.0990947821314845,2.302624195691452,2.859081990325829,3.173506898028755,0.8858637332483601,3.2600361019956634,3.1906262348435313,0.0,3.0953816264123866
733,734,37.72102429022955,0.9991420413364261,65.0431782448619,4.809110784676646,0.0,0.0,0,2.7435331138557153,4.682263260778709,0.627206837706918,4.991068086032289,3.098833054474617,2.3028429740647764,2.834029041739327,3.172412574586104,0.8865681998655507,3.2572764561652057,3.1852442839306105,0.0,3.0953816264123866
734,735,37.80860886945053,0.9991263501779446,67.07953955546405,4.990462647382792,0.0,0.0,0,2.73660931579935,4.678975422369684,0.6274435700239944,4.9829804581471935,3.0985663465171656,2.3030582177943324,2.809314229857477,3.1712386365784933,0.8872634727365133,3.2543691682809093,3.179557351836774,0.0,3.0953816264123866
735,736,37.89653508986868,0.9991100789043511,66.95097129357065,4.859145641677754,0.0,0.0,0,2.729759254920647,4.675681491428027,0.6276795041898067,4.9748971446362145,3.0982947171640167,2.303269965176853,2.7849325804194933,3.1699864737409076,0.8879496757612562,3.2513174635298756,3.173575457317828,0.0,3.0953816264123866
736,737,38.07726930983584,0.9990932118617414,68.72525510022739,4.893871387221409,0.0,0.0,0,2.7229819037997323,4.672381602220958,0.6279146484978679,4.966818393077064,3.0980182245069914,2.303478253980783,2.7608791932873302,3.168657454634423,0.8886269310213677,3.248124512628407,3.1673083852333157,0.0,3.0953816264123866
737,738,38.22936255714271,0.9990757327285329,62.7396804872248,4.974316887838954,0.0,0.0,0,2.7162762496210697,4.669075887061534,0.6281490111264664,4.958744446492834,3.0977369258363847,2.3036831214537803,2.7371492413391465,3.1672529269632768,0.8892953588071022,3.2447934326764725,3.160765691354989,0.0,3.0953816264123866
738,739,38.41555403214313,0.9990576244996572,67.79040732683055,4.840461867818475,0.0,0.0,0,2.7096412939655976,4.66576447633651,0.6283826001403032,4.950675543420458,3.097450877652342,2.303884604330109,2.7137379693792933,3.165774217887202,0.8899550776440623,3.2413272879991353,3.1539567070829087,0.0,3.0953816264123866
739,740,38.560673321763986,0.9990388694698303,73.66167231752583,4.81290079191598,0.0,0.0,0,2.70307605260583,4.662447498533793,0.628615423492106,4.942611917978188,3.097160135676071,2.304082738837933,2.690640693064573,3.164222634329096,0.8906062043194827,3.237729090975156,3.146890544070869,0.0,3.0953816264123866
740,741,38.64101482357436,0.9990194492159055,71.5049764984879,4.877495016337083,0.0,0.0,0,2.696579555303868,4.65912508026951,0.6288474890242206,4.9345537999320905,3.096864754860895,2.304277560706496,2.6678527978465376,3.1625994632780925,0.8912488539081211,3.2340018028529434,3.1395760987628174,0.0,3.0953816264123866
741,742,38.673268194584985,0.9989993445782973,62.76214125308044,4.627338137323033,0.0,0.0,0,2.6901508456122905,4.6557973463146896,0.6290788044701797,4.92650141476159,3.0965647894031525,2.30446910517321,2.645369737929576,3.160905972088107,0.8918831397977639,3.2301483345540607,3.1320220568419073,0.0,3.0953816264123866
742,743,38.73210347420657,0.9989785356414751,69.22736260425098,4.660398525507337,0.0,0.0,0,2.683788980677877,4.652464419621565,0.6293093774562489,4.918454983724067,3.0962602927529344,2.3046574069906365,2.6231870352445625,3.159143408771921,0.8925091737143497,3.226171547464467,3.124236897593806,0.0,3.0953816264123866
743,744,38.94247365599694,0.998957001713516,67.2580446829316,4.940917869871906,0.0,0.0,0,2.677493031048126,4.649126421349501,0.6295392155029516,4.9104147239185165,3.0959513176246762,2.3048425004333697,2.60130027843783,3.157313002290873,0.8931270657467189,3.22207425421368,3.116228898185827,0.0,3.0953816264123866
744,745,39.12412072935561,0.998934721304707,74.03391626314628,4.85797707307068,0.0,0.0,0,2.671262080480525,4.645783470890553,0.6297683260265703,4.9023808483482965,3.0956379160075937,2.305024419304821,2.5797051218752385,3.155415962840223,0.8937369243709927,3.217859219442043,3.108006137863449,0.0,3.0953816264123866
745,746,39.319693940045376,0.9989116721051865,62.949506278212894,4.739570898290404,0.0,0.0,0,2.6650952257545364,4.642435685894661,0.6299967163406297,4.894353565982964,3.0953201391759735,2.3052031969439084,2.5583972846611203,3.153453482130253,0.8943388564745901,3.213529160556273,3.099576502065748,0.0,3.0953816264123866
746,747,39.5333067424434,0.9988878309616108,67.89973076146106,4.902527573657872,0.0,0.0,0,2.6589915764862617,4.639083182294485,0.6302243936573549,4.886333081819222,3.0949980376993147,2.3053788662316514,2.5373725496718667,3.151426733663166,0.8949329673798841,3.2090867484734726,3.090947686461235,0.0,3.0953816264123866
747,748,39.73365750997145,0.9988631738528324,65.16694985491317,4.787375415325879,0.0,0.0,0,2.65295025494574,4.635726074329889,0.6304513650891124,4.878319596940987,3.0946716614523284,2.3055514595976696,2.516626762603952,3.1493368730058533,0.8955193608675065,3.204534608353772,3.0821272009055805,0.0,3.0953816264123866
748,749,39.94810376539876,0.9988376758645733,69.0796657430678,4.8862111575932765,0.0,0.0,0,2.6469703958768505,4.632364474572073,0.6306776376498276,4.87031330857858,3.094341059624795,2.30572100902659,2.4961558310361696,3.1471850380585824,0.8960981391993037,3.1998753203217776,3.073122373322665,0.0,3.0953816264123866
749,750,40.191211837968766,0.9988113111630775,73.72171714944042,4.757145821171646,0.0,0.0,0,2.6410511463197746,4.628998493947366,0.6309032182563848,4.8623144101670785,3.0940062807312776,2.305887546064363,2.475955723505871,3.1449723493196715,0.8966694031409509,3.1951114201769952,3.063940353510376,0.0,3.0953816264123866
750,751,40.51916164712244,0.9987840529677234,67.89827873507367,4.8283330544711,0.0,0.0,0,2.6351916654359906,4.625628241760675,0.6311281137300047,4.854323091403811,3.093667372620703,2.3060511018244894,2.4560224685989995,3.142699910146211,0.8972332519842281,3.190245400093393,3.05458811687255,0.0,3.0953816264123866
751,752,40.922766203129136,0.9987558735225764,69.85275233477839,4.822429436691765,0.0,0.0,0,2.629391124335753,4.622253825718605,0.6313523307976042,4.846339538305025,3.0933243824858003,2.3062117069941572,2.43635215405371,3.14036880701089,0.8977897835689634,3.1852797093082708,3.045072468078421,0.0,3.0953816264123866
752,753,41.24977006140758,0.9987267440668618,59.02789083183423,4.593646074366843,0.0,0.0,0,2.623648705908033,4.618875351952246,0.6315758760931364,4.838363933261743,3.0929773568724093,2.3063693918402928,2.416940925877377,3.1379801097549844,0.8983390943046492,3.1802167548005893,3.0354000446509297,0.0,3.0953816264123866
753,754,41.47632550073091,0.9986966348043351,69.40572063746461,4.748234340313034,0.0,0.0,0,2.617963604652877,4.615492925039638,0.6317987561589107,4.830396455094798,3.0926263416886557,2.3065241862155244,2.3977849874767827,3.1355348718375655,0.8988812791917355,3.175058901958933,3.0255773204852043,0.0,3.0953816264123866
754,755,41.698727689780725,0.9986655148715272,68.29256449357463,4.885499869866655,0.0,0.0,0,2.6123350265161505,4.612106648027917,0.6320209774468953,4.822437279109084,3.0922713822139944,2.3066761195640604,2.3788805988012993,3.1330341305809886,0.899416431842606,3.1698084752392437,3.0156106092985175,0.0,3.0953816264123866
755,756,41.88559617620666,0.9986333523048391,65.57135512633117,4.794852720176334,0.0,0.0,0,2.6067621887266355,4.608716622455142,0.6322425463200007,4.814486577147021,3.091912523108126,2.3068252209274878,2.3602240754988593,3.1304789074127086,0.89994464450224,3.1644677588125014,3.005506068012987,0.0,3.0953816264123866
756,757,41.98806626893414,0.9986001140064624,63.56502846458371,4.846140333310761,0.0,0.0,0,2.601244319635448,4.605322948371814,0.6324634690533438,4.806544517641241,3.091549808419783,2.3069715189504834,2.3418117880845326,3.127870208103487,0.9004660080685664,3.159038997202481,2.995269700072274,0.0,3.0953816264123866
757,758,42.017125613162506,0.9985657657090975,73.26919586586374,4.9612150661540255,0.0,0.0,0,2.59578065855774,4.60192572436209,0.6326837518354963,4.798611265666512,3.0911832815953977,2.3071150418864446,2.3236401611215176,3.1252090230020397,0.9009806121125145,3.153524395913753,2.984907358693505,0.0,3.0953816264123866
758,759,41.98576177224897,0.9985302719394428,60.906338980465826,4.938993985850694,0.0,0.0,0,2.5903704556166502,4.59852504756469,0.6329034007697135,4.790686982990922,3.0908129854876374,2.3072558176030435,2.305705672414361,3.1224963272661745,0.9014885448977646,3.147926122050068,2.974424750055624,0.0,3.0953816264123866
759,760,41.9159667073402,0.9984935959804262,66.72633846516499,4.815183750727594,0.0,0.0,0,2.5850129715894856,4.595121013693515,0.6331224218751461,4.782771828126309,3.090438962363826,2.307393873587699,2.2880048522142284,3.1197330810904833,0.9019898934002045,3.142246304923266,2.9638274364253583,0.0,3.0953816264123866
760,761,41.896470065704214,0.9984556998321494,66.38269700984365,4.79202246107074,0.0,0.0,0,2.5797074777560844,4.591713717057959,0.633340821088035,4.774865956377968,3.090061253914244,2.3075292369529703,2.2705342824360333,3.1169202299306242,0.9024847433270946,3.1364870366528645,2.953120839221963,0.0,3.0953816264123866
761,762,41.996451433409966,0.9984165441715134,73.54634712708757,4.833777916741227,0.0,0.0,0,2.5744532557493396,4.588303250582944,0.6335586042628891,4.766969519893634,3.0896799012603053,2.307661934441876,2.2532905958872673,3.1140587047242585,0.9029731791359484,3.1306503727564565,2.9423102420218785,0.0,3.0953816264123866
762,763,42.117973426205,0.9983760883104962,54.40624555118612,4.937547629933866,0.0,0.0,0,2.569249597407852,4.584889705828665,0.6337757771736455,4.759082667711766,3.089294944962626,2.307791992433136,2.2362704755083356,3.1111494221086833,0.9034552840531301,3.1247383327310603,2.931400793504435,0.0,3.0953816264123866
763,764,42.05486341031277,0.9983342901530462,70.52998399434836,4.900531836539244,0.0,0.0,0,2.5640958046306785,4.581473173010051,0.633992345514815,4.751205545809116,3.0889064250289713,2.3079194369463405,2.2194706536242417,3.108193284635214,0.9039311400921749,3.118752900625559,2.9203975103396913,0.0,3.0953816264123866
764,765,41.946072818861985,0.9982911061505614,59.79291044249356,4.870365750902756,0.0,0.0,0,2.5589911892341486,4.5780537410159505,0.6342083149026091,4.7433382971476235,3.0885143809220934,2.308044293647042,2.2028879112074424,3.105191180980364,0.9044008280718361,3.112696025604365,2.909305280019497,0.0,3.0953816264123866
765,766,41.96260902405865,0.9982464912559184,61.96630930992907,4.956602827178847,0.0,0.0,0,2.553935072810719,4.574631497428049,0.6344236908760527,4.735481061720621,3.088118851567456,2.308166587851779,2.186519077151713,3.1021439861538687,0.9048644276338622,3.1065696225024357,2.8981288636328375,0.0,3.0953816264123866
766,767,42.01132125470078,0.9982003988760154,66.49407537304253,4.809695896873414,0.0,0.0,0,2.548926786589837,4.571206528539512,0.6346384788980796,4.727633976598377,3.087719875360849,2.308286344533026,2.1703610275568543,3.099052561703599,0.9053220172605098,3.1003755723717825,2.886872898586503,0.0,3.0953816264123866
767,768,42.18470590864341,0.9981527808227941,75.47951863821285,4.804641283631079,0.0,0.0,0,2.543965671300785,4.567778919373361,0.6348526843566137,4.719797175972975,3.087317490175897,2.308403588324071,2.154410685024078,3.095917755917418,0.9057736742917936,3.094115723019587,2.8755419012721064,0.0,3.0953816264123866
768,769,42.4786667761529,0.9981035872627018,67.71185597670157,4.817672377540475,0.0,0.0,0,2.539051077037477,4.564348753700593,0.6350663125656344,4.711970791202542,3.086911733371456,2.3085183435238297,2.138665017961914,3.092740404022018,0.9062194749424806,3.087791889538065,2.864140269680455,0.0,3.0953816264123866
769,770,42.87903180368567,0.9980527666645578,72.49039482868275,4.79361009680649,0.0,0.0,0,2.5341823631251774,4.560916114058042,0.6352793687662257,4.704154950854837,3.086502641798913,2.308630634101584,2.123121039902488,3.0895213283787863,0.9066594943188293,3.081405854826197,2.85267228596426,0.0,3.0953816264123866
770,771,43.25378908751122,0.9980002657457829,56.26502231908192,4.851282394951489,0.0,0.0,0,2.529358897989122,4.557481081765977,0.6354918581276121,4.696349780750206,3.086090251809371,2.3087404837016585,2.1077758088279968,3.0862613386767475,0.9070938064350796,3.074959370103445,2.8411421189501547,0.0,3.0953816264123866
771,772,43.451806311388566,0.9979460294169541,61.58263650609095,4.910381822177726,0.0,0.0,0,2.5245800590250047,4.554043736945465,0.6357037857481788,4.688555404003918,3.085674599260743,2.308847915648028,2.092626426507254,3.0829612321226194,0.907522484229697,3.0684541554155804,2.8295538266009754,0.0,3.0953816264123866
772,773,43.52567000727807,0.9978900007246428,75.09978592189182,4.954555738399687,0.0,0.0,0,2.519845232471308,4.550604158535469,0.6359151566564774,4.68077194106788,3.0852557195247354,2.30895295294886,2.0776700378421293,3.0796217936280317,0.9079455995813734,3.061891900132745,2.817911358429233,0.0,3.0953816264123866
773,774,43.63267234831976,0.9978321207924957,66.35986359414346,4.858109040593113,0.0,0.0,0,2.5151538132834528,4.547162424309722,0.6361259758122175,4.672999509771753,3.08483364749374,2.3090556183009907,2.0629038302237572,3.0762437959939457,0.9083632233247904,3.0552742634398578,2.8062185578626964,0.0,3.0953816264123866
774,775,43.80246947584946,0.9977723287605172,67.56495355752585,4.852938494465058,0.0,0.0,0,2.5105052050097374,4.543718610893342,0.6363362481072442,4.66523822536347,3.0844084175876207,2.309155934094341,2.0483250328983527,3.0728280000923194,0.9087754252661454,3.048602874819482,2.794479164562987,0.0,3.0953816264123866
775,776,43.954849182877496,0.9977105617225076,65.79224572852897,4.808909264309672,0.0,0.0,0,2.505898819669045,4.540272793779224,0.6365459783665016,4.657488200549162,3.08398006376041,2.3092539224162674,2.033930916342499,3.0693751550450568,0.9091822741984485,3.041879334527274,2.78269681669807,0.0,3.0953816264123866
776,777,44.08353135777644,0.997646754661618,64.17077132212897,4.974815538832408,0.0,0.0,0,2.5013340776302893,4.536825047344192,0.6367551713489824,4.64974954553251,3.0835486195069044,2.3093496050558504,2.0197187916477617,3.065885998400285,0.909583837916589,3.035105214060118,2.770875053169506,0.0,3.0953816264123866
777,778,44.11876878647294,0.9975808403839735,73.52070498338782,4.832960570066032,0.0,0.0,0,2.496810407493577,4.533375444864922,0.6369638317486647,4.64202236805352,3.0831141178691728,2.309443003508124,2.005686009914495,3.062361256305996,0.9099801832321778,3.0282820566170607,2.7590173157953206,0.0,3.0953816264123866
778,779,44.06465118044787,0.9975127494503229,70.34469874512493,4.836495473544704,0.0,0.0,0,2.492327245973063,4.52992405853364,0.6371719641954341,4.634306773426742,3.0826765914429655,2.309534138978242,1.9918299616546946,3.058801643681094,0.9103713759881688,3.0214113775531595,2.747126951449327,0.0,3.0953816264123866
779,780,43.9986156530635,0.9974424101056668,69.70609397728406,4.751921773708617,0.0,0.0,0,2.4878840377814697,4.526470959473597,0.6373795732559944,4.6266028645789214,3.0822360723840356,2.3096230323855877,1.9781480762037724,3.055207864383887,0.9107574810732608,3.0144946648263393,2.735207214157721,0.0,3.0953816264123866
780,781,43.88615132989636,0.9973697482068221,63.73541656694343,4.919750097770727,0.0,0.0,0,2.483480235516254,4.52301621775432,0.6375866634347639,4.618910742086118,3.0817925924143705,2.309709704367825,1.9646378211411104,3.0515806113780592,0.9111385624360865,3.0075333794373766,2.723261267153755,0.0,3.0953816264123866
781,782,43.71480000266642,0.9972946871478716,69.38663968002977,5.076282593669431,0.0,0.0,0,2.479115299547394,4.519559902406648,0.6377932391747598,4.611230504210277,3.0813461828283333,2.3097941752848903,1.9512967017192686,3.047920566896168,0.9115146830991869,3.0005289558631083,2.711292184891289,0.0,3.0953816264123866
782,783,43.60640013596346,0.9972171477834558,61.174240865897026,4.895854639824796,0.0,0.0,0,2.4747886979067686,4.516102081437558,0.6379993048584698,4.603562246935269,3.0808968744987175,2.3098764652229273,1.9381222603017156,3.0442284026006914,0.9118859051727806,2.9934828024829674,2.6993029550179877,0.0,3.0953816264123866
783,784,43.43084102764729,0.9971370483498567,64.32103129543985,4.8448885448837125,0.0,0.0,0,2.4704999061791173,4.5126428218447705,0.6382048648087109,4.595906064002406,3.0804446978827165,2.3099565939981686,1.925112075808955,3.0405047797426725,0.9122522898683237,2.9863963019989486,2.687296480308931,0.0,3.0953816264123866
784,785,43.160708025156374,0.9970543043838285,64.49057236291368,4.795520457362238,0.0,0.0,0,2.466248407394549,4.509182189631158,0.6384099232894761,4.588262046945446,3.079989683027806,2.310034581160759,1.912263763172922,3.0367503493179933,0.9126138975118718,2.9792708118491036,2.6752755805613915,0.0,3.0953816264123866
785,786,42.90746737882554,0.9969688286391245,61.856740730981706,4.909781343196923,0.0,0.0,0,2.4620336919225814,4.505720249818938,0.6386144845067704,4.580630285125075,3.0795318595775454,2.3101104459985264,1.8995749727995264,3.032965752221312,0.9129707875572382,2.972107664614663,2.6632429944515033,0.0,3.0953816264123866
786,787,42.75709758192449,0.9968805310006741,61.149444347079964,4.956830316645081,0.0,0.0,0,2.4578552573676893,4.502257066463673,0.6388185526094324,4.573010865762908,3.079071256777294,2.310184207540699,1.887043390039221,3.0291516193977004,0.9133230185989585,2.9649081684208802,2.6512013813535584,0.0,3.0953816264123866
787,788,42.649534700395584,0.9967893183963615,69.44685909845587,4.859068551391796,0.0,0.0,0,2.4537126084663377,4.498792702668064,0.6390221316899465,4.565403873974973,3.078607903479848,2.3102558845615664,1.8746667346654764,3.0253085719920163,0.9136706483850615,2.9576736073316936,2.6391533231226294,0.0,3.0953816264123866
788,789,42.56769378284095,0.9966950947063549,62.83549404799639,4.89466306752128,0.0,0.0,0,2.4496052569854827,4.495327220595554,0.6392252257852418,4.5578093928047245,3.0781418281509962,2.3103254955840944,1.8624427603610416,3.0214372214960417,0.9140137338296483,2.950405241738303,2.6271013258412186,0.0,3.0953816264123866
789,790,42.52530629076044,0.996597760669942,77.33158989880793,4.797729056524665,0.0,0.0,0,2.4455327216225173,4.4918606814837325,0.6394278388774811,4.5502275032555675,3.0776730588749963,2.310393058883483,1.850369254211875,3.017538169893423,0.9143523310252847,2.9431043087417477,2.6150478215306183,0.0,3.0953816264123866
790,791,42.50358331645949,0.9964972137898201,65.42259497213648,4.877483279217323,0.0,0.0,0,2.441494527906639,4.488393145657551,0.639629974894838,4.542658284322908,3.0772016233599744,2.3104585924906758,1.8384440362086352,3.0136120098024453,0.9146864952552081,2.9357720225295805,2.6029951698276506,0.0,3.0953816264123866
791,792,42.57979658595882,0.9963933482337944,73.72274706889172,5.047118673614269,0.0,0.0,0,2.4374902081016216,4.484924672542352,0.6398316377122624,4.53510181302574,3.076727548943247,2.3105221141958214,1.826664958755611,3.009659324616673,0.9150162810053529,2.9284095747467256,2.5909456596274447,0.0,3.0953816264123866
792,793,42.604762767624614,0.9962860547338362,65.38848190112186,4.722310895772478,0.0,0.0,0,2.433519301109976,4.481455320676709,0.6400328311522362,4.527558164437772,3.0762508625965674,2.3105836415516823,1.8150299061869875,3.0056806886434893,0.9153417419761961,2.9210181348606095,2.5789015106929045,0.0,3.0953816264123866
793,794,42.61180009720626,0.9961752204824537,71.00979203470911,5.051851495226567,0.0,0.0,0,2.4295813523784675,4.477985147725088,0.6402335589855174,4.520027411718093,3.0757715909312986,2.310643191876996,1.8035367942903329,3.001676667240564,0.9156629310944254,2.913598850520651,2.5668648752314933,0.0,3.0953816264123866
794,795,42.706279727803796,0.9960607290263271,77.82877709053092,4.901926112959491,0.0,0.0,0,2.4256759138049824,4.474514210490326,0.6404338249318737,4.512509626141405,3.0752897602035083,2.3107007822597905,1.7921835698372013,2.9976478169502814,0.915979900524435,2.9061528479121965,2.5548378394399642,0.0,3.0953816264123866
795,796,42.891526038562645,0.9959424601571666,68.98912220934706,4.932817271909094,0.0,0.0,0,2.4218025436467205,4.471042564925932,0.6406336326608068,4.505004877127797,3.074805396318999,2.310756429560651,1.7809682101207438,2.993594685632161,0.9162927016796477,2.8986812321049817,2.5428224250176443,0.0,3.0953816264123866
796,797,43.041103478255444,0.9958202897997405,62.90798214675736,5.1028312702772345,0.0,0.0,0,2.4179608064296927,4.467570266148215,0.640832985792264,4.4975132322721,3.074318524838258,2.3108101504159393,1.769888722500225,2.9895178125932986,0.9166013852336696,2.891185087396211,2.530820590648879,0.0,3.0953816264123866
797,798,43.210643099470424,0.9956940898970358,63.14987065283404,4.977795827654621,0.0,0.0,0,2.414150272859508,4.4640973684482335,0.6410318878973429,4.490034757372806,3.0738291709813446,2.3108619612409678,1.75894314395234,2.9854177287168557,0.9169060011312782,2.8836654776483224,2.5188342334552174,0.0,3.0953816264123866
798,799,43.40848442602795,0.9955637282925041,67.10500980706564,4.910493126082733,0.0,0.0,0,2.4103705197334295,4.460623925303583,0.6412303424989825,4.482569516460564,3.0733373596327005,2.310911878233131,1.7481295406292288,2.9812949565886324,0.9172065985992456,2.8761234466215337,2.506865190417926,0.0,3.0953816264123866
799,800,43.505238930075464,0.9954290686093525,69.34148461240127,4.878190332061409,0.0,0.0,0,2.406621129853683,4.457149989390011,0.6414283530726473,4.475117571826264,3.0728431153458997,2.3109599173749884,1.737446007423094,2.9771500106217452,0.917503226157001,2.868560018301237,2.494915239771394,0.0,3.0953816264123866
800,801,43.567614186941064,0.9952899701268378,74.6839579957985,5.026771777149972,0.0,0.0,0,2.402901691941997,4.453675612592865,0.6416259230470011,4.46767898404871,3.072346462348324,2.3110060944373063,1.726890667537317,2.9729833971794433,0.917795931627134,2.860976197220328,2.4829861023679864,0.0,3.0953816264123866
801,802,43.62335019369669,0.9951462876535264,70.19615357023572,4.895774011434883,0.0,0.0,0,2.399211800555364,4.450200846018383,0.6418230558045693,4.460253812021887,3.0718474245457754,2.3110504249820556,1.7164616720639783,2.968795614696088,0.9180847621457412,2.853372968776543,2.4710794430148995,0.0,3.0953816264123866
802,803,43.73885567928488,0.9949978713974813,69.8438978279027,4.887364394947949,0.0,0.0,0,2.3955510560029976,4.446725740004816,0.6420197546823945,4.452842112981829,3.0713460255270215,2.311092924365365,1.7061571995676867,2.964587153796325,0.918369764172618,2.845751299544875,2.4591968717835466,0.0,3.0953816264123866
803,804,43.784220232077544,0.9948445668333442,65.70302072351535,5.010702566290568,0.0,0.0,0,2.39191906426447,4.4432503441334035,0.6422160229726807,4.445443942533095,3.0708422885682785,2.311133607740437,1.6959754556756224,2.960358497412474,0.9186509835012989,2.8381121375851586,2.447339945292011,0.0,3.0953816264123866
804,805,43.7742513122952,0.9946862145662754,66.13674923805283,4.926672460630652,0.0,0.0,0,2.3883154369090183,4.439774707239176,0.6424118639234296,4.438059354674862,3.0703362366376266,2.3111724900604167,1.6859146726737002,2.9561101209001674,0.9189284652689477,2.8304564127448737,2.435510167961073,0.0,3.0953816264123866
805,806,43.74168196004305,0.9945226501927268,64.98730451801286,4.825051437912213,0.0,0.0,0,2.384739791015998,4.436298877421622,0.6426072807390676,4.43068840182663,3.0698278923993665,2.3112095860812234,1.6759731091087642,2.9518424921522555,0.9192022539661001,2.8227850369572662,2.4237089932443325,0.0,3.0953816264123866
806,807,43.57841494652802,0.9943537041580164,65.6428399798253,4.941702872492572,0.0,0.0,0,2.3811917490964696,4.432822902055187,0.6428022765810626,4.423331134853551,3.0693172782183122,2.311244910364342,1.6661490493967213,2.9475560717110114,0.9194723934462611,2.8150989045348354,2.4119378248329135,0.0,3.0953816264123866
807,808,43.361603463936795,0.9941792016106838,71.45072005470337,4.769608115306458,0.0,0.0,0,2.377670939015897,4.429346827799635,0.6429968545685342,4.415987603091395,3.0688044161640216,2.3112784772795716,1.656440803436526,2.9432513128786613,0.9197389269353589,2.807398892458272,2.400198017835247,0.0,3.0953816264123866
808,809,43.23957974257637,0.9939989622536026,70.19450723285863,4.967872685317954,0.0,0.0,0,2.3741769939179536,4.425870700610257,0.6431910177788533,4.408657854371145,3.068289328014968,2.3113103010077385,1.64684670622993,2.9389286618262576,0.9200018970410583,2.799685860660909,2.3884908799324123,0.0,3.0953816264123866
809,810,43.09031031382824,0.993812800191836,68.59529126754516,4.865187857989465,0.0,0.0,0,2.370709552149405,4.422394565747934,0.6433847692482345,4.401341935043228,3.067772035262655,2.311340395543369,1.637365117506906,2.934588557700929,0.9202613457619346,2.7919606523087577,2.3768176725095063,0.0,3.0953816264123866
810,811,42.87345050576629,0.9936248184967514,65.26332610178981,4.9706444949947235,0.0,0.4264883250395965,0,2.367268257186068,4.4189184677890605,0.6435781119723193,4.3940398900014,3.0672525591156665,2.3113687746973244,1.7117954022904642,2.93037206094344,0.9205324048148485,2.784504670979285,2.3658381278617466,0.0,3.0953816264123866
811,812,42.53734986046756,0.9934395391294972,70.47805615538405,4.983247859471896,0.0,0.4264883250395965,0,2.3638527575598194,4.415442450635316,0.643771048906751,4.386751762706272,3.0667309205036646,2.3113954520993976,1.785189299155331,2.926417031097527,0.9208299226369815,2.777591687115444,2.356186179443936,0.0,3.0953816264123866
812,813,42.027487354590725,0.9932573925958006,65.0791053107757,4.961217147932112,0.0,0.4264883250395965,0,2.3604627067866435,4.411966557523317,0.643963582967742,4.379477595208497,3.0662071400813296,2.3114204412008736,1.8575621296044496,2.9227191503617136,0.9211535201067992,2.7712112119964183,2.347824976847593,0.0,3.0953816264123866
813,814,41.56939652850975,0.9930787974910275,62.89712184467767,4.89175816532332,0.0,0.4264883250395965,0,2.357097763295706,4.40849083103411,0.6441557170326326,4.372217428171619,3.0656812382322407,2.3114437552770553,1.9289289866699977,2.9192741662777086,0.9215028237028556,2.7653529283808327,2.3407184837957007,0.0,3.0953816264123866
814,815,41.21956158810535,0.9929041584542673,67.31709755347603,4.949412930881502,0.0,0.4264883250395965,0,2.353757590359437,4.405015313102545,0.6443474539404418,4.364971300894577,3.0651532350727075,2.3114654074297496,1.9993047383244404,2.91607789075283,0.9218774654203061,2.7600066878491094,2.334831461864045,0.0,3.0953816264123866
815,816,40.96229919867114,0.9927338642598771,60.43407351729977,5.200343275082854,0.0,0.4264883250395965,0,2.350441856024606,4.401540045026507,0.6445387964924105,4.357739251333891,3.0646231504555397,2.3114854105897216,2.0687040308406464,2.913126199097027,0.922277082688666,2.755162508186151,2.330129454510089,0.0,3.0953816264123866
816,817,40.781941796705176,0.9925682860592391,72.24854395348208,4.971462046320313,0.0,0.4264883250395965,0,2.347150233044383,4.398065067476019,0.6447297474525366,4.350521316125511,3.0640910039737697,2.3115037775191105,2.13714129210183,2.910415029074285,0.9227013182907978,2.750810570803746,2.3265787714037733,0.0,3.0953816264123866
817,818,40.74553106130964,0.9924077757833666,76.48057646338584,5.171952586323204,0.0,0.4264883250395965,0,2.3438823988113633,4.394590420502218,0.6449203095481031,4.343317530606356,3.063556814964318,2.3115205208138154,2.2046307348620666,2.9079403799682044,0.9231498202831072,2.7469412182021027,2.324146473054751,0.0,3.0953816264123866
818,819,40.7547023008851,0.9922526647148529,66.9478277430971,5.009039967110256,0.0,0.4264883250395965,0,2.340638035291547,4.391116143546197,0.6451104854701981,4.336127928835526,3.063020602511608,2.311535652905844,2.271186359958123,2.9056983116615323,0.9236222419169311,2.743544951469913,2.3228003557306462,0.0,3.0953816264123866
819,820,40.89208454810422,0.992103262235498,63.4150135589476,4.889041453623972,0.0,0.4264883250395965,0,2.3374168289592556,4.3876422754477264,0.6453002778742275,4.3289525436152125,3.0624823854511307,2.311549186065628,2.3368219594733244,2.903684943729444,0.9241182415610987,2.7406124278223802,2.322508936661034,0.0,3.0953816264123866
820,821,41.137303637309465,0.991955635257626,67.31704687079421,4.897052589946456,0.0,0.09739467426479692,0,2.3342184707329805,4.384168854453848,0.6454896893804211,4.321791406511293,3.061942182372955,2.3115611324043064,2.3368872846801416,2.9017879407865723,0.9246258383961091,2.737917954999538,2.3227333049397108,0.0,3.0953816264123866
821,822,41.45338782593537,0.9918056347466724,70.40132990790084,4.964018468670732,0.0,0.09739467426479692,0,2.331042655912137,4.3806959182273495,0.6456787225743299,4.314644547873628,3.0614000116251936,2.3115715038759768,2.336943608929172,2.89989749003555,0.9251332747011108,2.7352418695391556,2.322955115143404,0.0,3.0953816264123866
822,823,41.85682423571711,0.9916532288292019,68.76520178437988,4.942843486128469,0.0,0.09739467426479692,0,2.327889084114727,4.377223503855116,0.6458673800073186,4.307511996856058,3.0608558913174124,2.3115803122799137,2.33699108379898,2.898013539679233,0.9256405473270379,2.732583989172883,2.32317426770197,0.0,3.0953816264123866
823,824,42.384949082722514,0.991498385300112,74.66924240011737,4.946096675536404,0.0,0.09739467426479692,0,2.3247574592158813,4.3737516478563645,0.6460556641970489,4.300393781436108,3.060309839323999,2.311587569262756,2.3370298585684974,2.8961360385972537,0.9261476531800038,2.729944133852598,2.3233906669549573,0.0,3.0953816264123866
824,825,43.0994094722675,0.9913410716208062,63.066680231977195,4.868817877542878,0.0,0.09739467426479692,0,2.3216474892872827,4.370280386190759,0.6462435776279569,4.293289928434397,3.059761873287477,2.3115932863206616,2.337060080251441,2.8942649363361164,0.9266545892204616,2.7273221257203564,2.3236042210547665,0.0,3.0953816264123866
825,826,43.99267918518201,0.991181254917395,70.24756086280361,4.901575754267879,0.0,0.09739467426479692,0,2.318558886537447,4.36680975426641,0.6464311227517247,4.286200463533762,3.059212010621778,2.3115974748014354,2.337081893630213,2.892400183099441,0.9271613524623769,2.7247177890787726,2.3238148418718616,0.0,3.0953816264123866
826,827,44.9490908767135,0.9910189019789202,66.45571119792834,4.933309035497029,0.0,0.09739467426479692,0,2.315491367252856,4.3633397869477655,0.6466183019877426,4.279125411298112,3.0586602685154634,2.311600145906621,2.337095441289296,2.890541729738354,0.9276679399724123,2.722130950361823,2.324022444901989,0.0,3.0953816264123866
827,828,45.88277104535042,0.9908539792556079,69.24858663370952,5.3247231656436735,0.0,0.09739467426479692,0,2.3124446517399293,4.359870518563381,0.646805117723568,4.272064795190988,3.0581066639349026,2.311601310693568,2.3371008636481516,2.8886895277420197,0.9281743488691253,2.719561438106065,2.324226949175365,0.0,3.0953816264123866
828,829,46.70553139789771,0.9906864528571501,70.75970017341547,4.91792887561045,0.0,0.09739467426479692,0,2.3094184642678193,4.356401982913583,0.6469915723153749,4.265018637593861,3.0575512136274052,2.3116009800774675,2.3370982989936238,2.8868435292283143,0.9286805763221773,2.7170090829222637,2.3244282771677964,0.0,3.0953816264123866
829,830,47.36875344747629,0.9905162885510145,71.25614982322215,4.995235692962165,0.0,0.09739467426479692,0,2.306412533012023,4.35293421327803,0.647177668088399,4.2579869598241515,3.056993934124308,2.31159916483336,2.337087883511862,2.8850036869346383,0.9291866195515547,2.7144737174674267,2.324626354713692,0.0,3.0953816264123866
830,831,47.939502260729306,0.9903434581777768,73.15544720816959,5.015234574761245,0.0,0.09780950910489848,0,2.3034265899987956,4.3494672424231515,0.647363407337376,4.250969782152992,3.05643484174402,2.3115958755981123,2.3371512624995194,2.8831700909945117,0.929692490504788,2.711955449327577,2.3248217514435527,0.0,3.0953816264123866
831,832,48.38327288316764,0.9901679335330992,72.82079290522482,4.939464919922026,0.0,0.09780950910489848,0,2.3004603710503555,4.3460011026094945,0.647548792326972,4.24396712382272,3.0558739525950225,2.311591122872368,2.337205942471997,2.881342829036205,0.9301982009032458,2.7094543806714437,2.3250150151270286,0.0,3.0953816264123866
832,833,48.656224816366944,0.9899896798043035,67.077069526252,4.896338580400855,0.0,0.09780950910489848,0,2.297513615730868,4.342535825598957,0.6477338252922107,4.236979003064114,3.0553112825788253,2.3115849170224694,2.337252069928429,2.8795218509948386,0.9307037477054444,2.7069703391559905,2.325206044229085,0.0,3.0953816264123866
833,834,48.750873558309266,0.9898086618373556,74.1349802630752,4.9738064145396095,0.0,0.09780950910489848,0,2.294586067293198,4.339071442661923,0.647918508438892,4.230005437113383,3.054746847392886,2.311577268282355,2.3372897891453657,2.87770710745964,0.9312091279232294,2.7045031545585325,2.3253947410762743,0.0,3.0953816264123866
834,835,48.59304953885321,0.9896248441353808,72.83495408478865,4.8533809215497685,0.0,0.09780950910489848,0,2.291677472626424,4.3356079845842945,0.6481028439440062,4.223046442228891,3.054180662533481,2.3115681867554256,2.337319242210034,2.8758985496643747,0.9317143386209644,2.7020526587478635,2.3255810117618476,0.0,3.0953816264123866
835,836,48.27907017714489,0.9894381908572145,62.77283725230713,4.934257251578865,0.0,0.09780950910489848,0,2.2887875822040957,4.332145481674424,0.6482868339561414,4.216102033707643,3.0536127432985407,2.3115576824163857,2.337340569053106,2.8740961294779153,0.9322193769147317,2.6996186856557975,2.3257647660528633,0.0,3.0953816264123866
836,837,47.91357482149202,0.9892486658159907,73.59333507825745,4.990810088432008,0.0,0.09780950910489848,0,2.2859161500332275,4.328683963769942,0.6484704805958854,4.209172225901533,3.0530431047904414,2.3115457651130606,2.3373539074809733,2.8722997993949537,0.9327242399715437,2.6972010712491197,2.32594591729926,0.0,3.0953816264123866
837,838,47.486193919613385,0.9890562324777679,59.62345901869736,4.943812428482336,0.0,0.09780950910489848,0,2.28306293360402,4.325223460244501,0.6486537859562225,4.202257032233333,3.05247176191876,2.311532444568184,2.3373593932075405,2.8705095125268505,0.9332289250085681,2.694799653501933,2.326124382344849,0.0,3.0953816264123866
838,839,47.00851598837565,0.988860853960194,69.43078617600227,4.937562519862166,0.0,0.09780950910489848,0,2.2802276938402986,4.321764000014412,0.648836752102923,4.195356465212467,3.0518987294029873,2.3115177303811643,2.337357159885549,2.8687252225926203,0.9337334292923632,2.692414272368407,2.3263000814401966,0.0,3.0953816264123866
839,840,46.486332115495,0.9886624930312122,71.02782171733217,4.949596146733478,0.0,0.09780950910489848,0,2.277410195050653,4.318305611545187,0.6490193810749294,4.188470536450535,3.051324021775205,2.311501632029821,2.3373473391374264,2.8669468839100527,0.9342377501381254,2.6900447697559073,2.3264729381573503,0.0,3.0953816264123866
840,841,46.00491164491088,0.988461119547979,69.04616603799134,4.9636852780287475,0.0,0.09821038678315183,0,2.2746102048802763,4.314848322857996,0.6492016748847352,4.181599256676615,3.050747653382721,2.3114841588721022,2.33740882931321,2.865174583570444,0.9347418990930909,2.687691253226763,2.3266434982785533,0.0,3.0953816264123866
841,842,45.588134207315264,0.9882567033483497,67.26646661754178,4.894955387778899,0.0,0.09821038678315183,0,2.2718274942634875,4.311392161536021,0.6493836355187592,4.174742635752335,3.0501696383906722,2.311465320147771,2.337461912447966,2.8634084062442224,0.9352458874859494,2.685353825084395,2.326812286534226,0.0,3.0953816264123866
842,843,45.12763311612696,0.9880492066486787,65.03168753863194,4.9297458777024135,0.0,0.09821038678315183,0,2.2690618373769302,4.307937154730732,0.6495652649377145,4.167900682686725,3.049589990784585,2.3114451249800743,2.337506730129263,2.8616483035414566,0.9357497123792413,2.6830323223327155,2.32697920026839,0.0,3.0953816264123866
843,844,44.50453203629183,0.9878385913183172,70.08843967238681,4.928344003995262,0.0,0.09821038678315183,0,2.2663130115934385,4.3044833291680655,0.6497465650769716,4.161073405650848,3.0490087243729045,2.3114235823773828,2.337543421796585,2.8598942277044066,0.9362533708870481,2.6807265840010817,2.3271441406279583,0.0,3.0953816264123866
844,845,43.877253746970815,0.9876248188785699,72.19300046930748,4.826812840340064,0.0,0.09821038678315183,0,2.263580797436557,4.301030711154516,0.6499275378469176,4.154260811992205,3.048425852789482,2.3114007012348115,2.337572124773478,2.8581461315982697,0.9367568601742075,2.678436451116552,2.32730701246992,0.0,3.0953816264123866
845,846,43.369860451252805,0.9874078505016991,62.47034110422642,5.108261659459847,0.0,0.09821038678315183,0,2.260864978535712,4.29757932658314,0.6501081851333087,4.147462908248944,3.047841389496035,2.3113764903358147,2.3375929742992185,2.8564039687020717,0.937260177455541,2.6761617666765405,2.3274677242704733,0.0,3.0953816264123866
846,847,42.91636302337509,0.9871876470099767,73.13679140338762,4.9035967050509,0.0,0.09821038678315183,0,2.2581653415820173,4.29412920093948,0.6502885087976187,4.140679700163836,3.0472553477845623,2.3113509583537586,2.3376061035600086,2.854667693099687,0.9377633199950928,2.6739023756218616,2.3276261880360747,0.0,3.0953816264123866
847,848,42.498134969338345,0.9869641688747876,68.87481886372159,5.08177199271153,0.0,0.09821038678315183,0,2.2554816762847087,4.290680359307399,0.6504685106773829,4.133911192698064,3.0466677407797347,2.3113241138534732,2.3376116437197045,2.8529372594709956,0.9382662851053793,2.6716581248101634,2.3277823192163596,0.0,3.0953816264123866
848,849,42.33575831217059,0.986737376215784,62.55991684114501,4.951424057156461,0.0,0.09821038678315183,0,2.252813775328205,4.28723282637483,0.6506481925865355,4.127157390044793,3.046078581441243,2.3112959652927803,2.337609723950087,2.851212623083171,0.9387690701466515,2.66942886298974,2.327936036618906,0.0,3.0953816264123866
849,850,42.313860948763214,0.9865072288000921,64.86751782911027,5.044468408561467,0.0,0.09821038678315183,0,2.25016143432977,4.283786626439452,0.6508275563157442,4.120418295642543,3.0454878825661202,2.3112665210239998,2.3376004714606773,2.8494937397820985,0.9392716725261661,2.6672144407737206,2.328087262325797,0.0,3.0953816264123866
850,851,42.40483089076184,0.9862861273360909,60.25280423353481,4.979544105411208,0.8953293213146393,0.09859776435956244,0,2.5348276550205946,4.280585578767623,0.6510227353906145,4.1142115082128505,3.0450027006643428,2.311306673697857,2.337660127611457,2.847780693715941,0.9397741034039437,2.6650149654614657,2.328236519739394,0.0,3.0953816264123866
851,852,42.56564121911336,0.9860870378070212,69.65217368550383,5.072982163824511,0.8953293213146393,0.09859776435956244,0,2.815658584047544,4.277868590274573,0.6512495722609699,4.109042886874579,3.0447280707601836,2.3114860010482405,2.3377116590675815,2.8460735666936166,0.9402763737288241,2.6628305392482394,2.328384311982041,0.0,3.0953816264123866
852,853,42.81744702392466,0.9859106636771396,67.51694276964095,5.134174350715814,0.8953293213146393,0.09859776435956244,0,3.0927086373698,4.2756283951591865,0.651507636715534,4.1048950198473095,3.044661005456451,2.3118025598778953,2.3377552026671986,2.844372311944771,0.940778480663936,2.660661007941975,2.3285305359796418,0.0,3.0953816264123866
853,854,43.118916120081934,0.9857575670905196,69.57735798286848,4.9481563770684485,0.8953293213146393,0.09859776435956244,0,3.3660314565437846,4.27385783138066,0.6517965046447073,4.101750752024906,3.044798559740958,2.3122544345440206,2.3377908931724116,2.8426768833100455,0.9412804214222197,2.658506219285842,2.3286750923938206,0.0,3.0953816264123866
854,855,43.44963683819351,0.9856281668433117,72.84739191619703,4.9456501483134225,0.8953293213146393,0.09859776435956244,0,3.635679919745919,4.27254983918127,0.6521157579537353,4.0995931812908255,3.0451378303834327,2.3128397365661844,2.3378188633003485,2.8409872352321375,0.9417821932656684,2.6563660229315844,2.328817885531274,0.0,3.0953816264123866
855,856,43.93911423091054,0.9855227379758987,62.446007674703665,5.036788383003863,0.8953293213146393,0.09859776435956244,0,3.901706152638486,4.271697459630162,0.6524649844771134,4.09840565488598,3.0456759553410064,2.313556604239823,2.3378392437537694,2.839303322746993,0.9422837935045815,2.6542402704132373,2.3289588232550225,0.0,3.0953816264123866
856,857,44.48161717119413,0.985441412931632,70.41658536864729,4.786036939890321,0.8953293213146393,0.09859776435956244,0,4.164161539080822,4.271293833187867,0.652843777894209,4.098171765828419,3.0464101131721733,2.3144032022552397,2.3378521632512115,2.837625101475129,0.9427852194968293,2.6521288151212223,2.329097816897528,0.0,3.0953816264123866
857,858,44.91763722149564,0.9853841842053495,67.73248359131937,5.0125469950261134,0.8953293213146393,0.09859776435956244,0,4.42309673168805,4.271332198291255,0.6532517376460852,4.098875349384085,3.0473375224590833,2.3153777213220286,2.3378577485566914,2.8359525276130877,0.9432864686471277,2.65003151227682,2.329234781175635,0.0,3.0953816264123866
858,859,45.36596023853203,0.9853509083841915,70.02659915951615,5.026196437518754,0.8953293213146393,0.09859776435956244,0,4.6785616622395185,4.271805889958625,0.6536884688535097,4.100500479587904,3.0484554412380627,2.3164783777988416,2.3378561245089577,2.834285557925017,0.9437875384063249,2.6479482189070027,2.329369634107305,0.0,3.0953816264123866
859,860,45.872608248951245,0.9853413114656329,69.56607063551382,4.854995466869715,0.8953293213146393,0.09859776435956244,0,4.930605551939081,4.272708338414655,0.654153582236128,4.103031465814518,3.0497611664382394,2.3177034133284287,2.3378474140503087,2.832624149734374,0.9442884262706978,2.6458787938196346,2.329502296930107,0.0,3.0953816264123866
860,861,46.18688431876264,0.9853431160674505,63.45896836387686,5.027204650762132,0.09436077906605846,0.09897208397417492,0,4.92225325170154,4.2738149665244265,0.6546322624373057,4.105989803987338,3.051156271050381,2.318987680742695,2.3379052885705356,2.830968384342108,0.9447891430257069,2.643823343835329,2.3296332719868205,0.0,3.0953816264123866
861,862,46.33395678666432,0.9853442988163106,62.50418637849406,5.137093521004193,0.09436077906605846,0.09897208397417492,0,4.91402090531726,4.274905683955884,0.655109959919489,4.108907720344729,3.052544174154469,2.3202672336862693,2.337955311442037,2.82931834078888,0.9452896992527575,2.6417819708218473,2.329763042077566,0.0,3.0953816264123866
862,863,46.42171415978881,0.9853448723153928,67.3402609003792,5.111081289907772,0.09436077906605846,0.09897208397417492,0,4.905906806243865,4.275980719258041,0.6555866881370178,4.111785788024948,3.053924969641703,2.321542133112108,2.3379976149101913,2.8276739738704104,0.9457900922122476,2.6397545288814124,2.3298915042929718,0.0,3.0953816264123866
863,864,46.55386413277757,0.98534484885606,73.72414162225444,4.776123439876902,0.09436077906605846,0.09897208397417492,0,4.897909272229087,4.277040297724718,0.6560624603528818,4.1146245720193635,3.0552987500738924,2.3228124391090272,2.338032329213995,2.82603523897292,0.946290319212714,2.6377408739657153,2.330018559385528,0.0,3.0953816264123866
864,865,46.550901129965226,0.9853442404277152,64.40452795654775,4.96491932569129,0.09436077906605846,0.09897208397417492,0,4.8900266449650225,4.278084641440883,0.6565372896414433,4.117424629288374,3.056665606702377,2.3240782109139984,2.3380595826160913,2.824402092064491,0.9467903776100997,2.6357408638502866,2.3301441116811787,0.0,3.0953816264123866
865,866,46.50048003530156,0.9853430587272896,65.85156393187201,5.01061004398054,0.09436077906605846,0.09897208397417492,0,4.882257289747304,4.279113969328324,0.6570111888911222,4.12018650887568,3.05802562948667,2.325339506924272,2.3380795014323477,2.8227744896865548,0.9472902648070315,2.633754358109232,2.3302680689927575,0.0,3.0953816264123866
866,867,46.384601509938605,0.9853413151683795,69.30949863008318,4.90176411715491,0.09436077906605846,0.09897208397417492,0,4.874599595139133,4.2801284971906775,0.657484170807043,4.122910752020922,3.0593789071128445,2.3265963847093283,2.3380922100609944,2.821152388945505,0.9477899782521096,2.6317812180903393,2.3303903425352397,0.0,3.0953816264123866
867,868,46.209721930291565,0.9853390208900447,69.01008014808791,4.82383486769329,0.09436077906605846,0.09897208397417492,0,4.867051972640081,4.281128437757815,0.6579562479136435,4.1255978922707275,3.06072552701165,2.327848901022658,2.338097831011325,2.8195357475044402,0.9482895154392071,2.6298213068905345,2.3305108468427704,0.0,3.0953816264123866
868,869,46.0939800893329,0.9853361867652836,73.13231835351533,4.920929346373382,0.09436077906605846,0.09897208397417492,0,4.859612856359617,4.282114000729596,0.6584274325572465,4.1282484555881656,3.0620655753763764,2.329097111813374,2.3380964849319703,2.8179245235750248,0.94878887390678,2.6278744893317034,2.3306294996874364,0.0,3.0953816264123866
869,870,46.118849134775914,0.9853328234091999,67.31526482923218,4.911541073617419,0.09436077906605846,0.09897208397417492,0,4.852280702695278,4.283085392819001,0.6588977369085947,4.130862960460654,3.0633991371804625,2.33034107223766,2.338088290638749,2.8163186759094723,0.9492880512371874,2.625940631936853,2.3307462219997466,0.0,3.0953816264123866
870,871,46.25753500889532,0.9853289488304087,70.62122721110197,4.925676161036377,0.09429302833444238,0.0993337733339228,0,4.845032249409194,4.284042799346335,0.6593671717446392,4.133441878839158,3.0647262880947053,2.331580831306139,2.338144433730291,2.814718283054362,0.9497870578535774,2.6240198408537694,2.3308614962545304,0.0,3.0953816264123866
871,872,46.425022566405204,0.9853245806109083,70.3594739684636,4.909583464711133,0.09429302833444238,0.0993337733339228,0,4.837888028502686,4.28498640310115,0.6598357476937388,4.135985676298506,3.0660471027574725,2.3328164373584053,2.3381929892333524,2.813123421372361,0.9502859039819345,2.622112217425084,2.3309757860893336,0.0,3.0953816264123866
872,873,46.520846408531966,0.9853197283670697,68.01808488711369,4.881981914979728,0.09429302833444238,0.0993337733339228,0,4.8308465572194494,4.28591640264004,0.6603034764474347,4.138494850848981,3.067361662812803,2.334047943386573,2.3382340849519005,2.8115340471735615,0.9507845869767195,2.6202176235686756,2.3310889892404023,0.0,3.0953816264123866
873,874,46.48643466177608,0.9853144014938351,61.172669237174624,4.806944909776088,0.09429302833444238,0.0993337733339228,0,4.823906373907897,4.286832993691312,0.6607703695310102,4.14096989342221,3.0686700487496243,2.3352754016319155,2.3382678467508913,2.809950117338738,0.9512831042389144,2.6183359229703203,2.331201007026818,0.0,3.0953816264123866
874,875,46.42905276979012,0.9853086091712896,65.18243050883922,4.811283803100468,0.09429302833444238,0.0993337733339228,0,4.817066037720754,4.287736369195247,0.6612364383058565,4.143411287971872,3.0699723399181935,2.336498863595553,2.338294398585285,2.8083715893109975,0.9517814532153143,2.616466981059051,2.331311744264369,0.0,3.0953816264123866
875,876,46.356531958682574,0.985302360371001,66.99175876046704,4.924420856557642,0.09429302833444238,0.0993337733339228,0,4.810324128318934,4.2886267193437835,0.6617016939718063,4.145819511572989,3.071268614546296,2.3377183800489854,2.3383138625286346,2.8067984210875516,0.9522796313978297,2.6146106649828726,2.331421109181219,0.0,3.0953816264123866
876,877,46.21110259375062,0.9852956638621371,64.29316187250305,4.908056701669816,0.09429302833444238,0.0993337733339228,0,4.803679245579615,4.289504231619643,0.6621661475694322,4.148195034519797,3.0725589497552184,2.3389340010444735,2.3383263588012424,2.8052305712116152,0.9527776363227998,2.612766843584831,2.3315290133353366,0.0,3.0953816264123866
877,878,46.08710902327681,0.9852885282173663,69.50641077250442,4.9944757373690445,0.09429302833444238,0.0993337733339228,0,4.797130009308492,4.290369090834889,0.662629809982314,4.150538320422228,3.0738434215754915,2.340145775925278,2.3383320057978985,2.8036679987644213,0.9532754655703152,2.6109353873794237,2.3316353715336557,0.0,3.0953816264123866
878,879,45.912822176379144,0.985280961818556,62.11096540817486,4.8856189919375375,0.09429302833444238,0.0993337733339228,0,4.790675058956103,4.291221479168952,0.6630926919392737,4.15284982630101,3.0751221049624116,2.3413537533357465,2.3383309201152054,2.8021106633573583,0.9537731167635516,2.6091161685293556,2.3317401017529282,0.0,3.0953816264123866
879,880,45.675408142277576,0.9852729728622701,61.98240446708866,5.001603596232871,0.09429302833444238,0.0993337733339228,0,4.784313053338212,4.292061576206096,0.6635548040165774,4.155130002681422,3.0763950738113386,2.3425579812312614,2.3383232165784937,2.800558525124222,0.9542705875681124,2.6073090608226304,2.3318431250622416,0.0,3.0953816264123866
880,881,45.39991302681832,0.9852645768022121,69.85950858051585,5.001887627625502,0.09422588509325149,0.09968324618359478,0,4.778021124692204,4.292889540689472,0.6640161554303418,4.157379254869746,3.0776623929452596,2.343758501572225,2.3383776764261537,2.799011659947084,0.9547678880566841,2.605514169560157,2.331944905148094,0.0,3.0953816264123866
881,882,45.15925464409702,0.9852557887453953,63.548154571267645,5.074518011971269,0.09422588509325149,0.09968324618359478,0,4.771819804165322,4.293705529208787,0.6644767552702665,4.159597982740667,3.078924126308759,2.3449553557481444,2.3384248040627353,2.7974701415979784,0.9552650281114561,2.6037315953818636,2.3320458875352728,0.0,3.0953816264123866
882,883,44.9643767323254,0.9852466161102235,71.22002914981674,4.823913342420178,0.09422588509325149,0.09968324618359478,0,4.7657078029352755,4.294509714328992,0.6649366137002484,4.161786619188238,3.080180344931977,2.346148589852105,2.338464722997069,2.795933927851404,0.9557620051778531,2.6019612075717884,2.3321459709999908,0.0,3.0953816264123866
883,884,44.72098625715238,0.9852370661556238,56.96253802799929,5.014533104763164,0.09422588509325149,0.09968324618359478,0,4.75968385052402,4.295302266156705,0.665395740739671,4.163945590953614,3.08143111884098,2.3473382493245416,2.3384975548641194,2.794402977033375,0.956258816746257,2.6002028771042607,2.332245057818372,0.0,3.0953816264123866
884,885,44.48962474306446,0.9852271459854895,61.58797502885072,5.037688422454271,0.09422588509325149,0.09968324618359478,0,4.753746694536639,4.296083352375207,0.6658541462654618,4.166075318712603,3.082676517072042,2.348524378962526,2.3385234194530318,2.792877248013351,0.9567554603513223,2.598456476620215,2.33234305368263,0.0,3.0953816264123866
885,886,44.25247549767111,0.9852168625529757,67.2438818973891,5.006198731281934,0.09422588509325149,0.09968324618359478,0,4.747895100403956,4.296853138278939,0.6663118400141198,4.168176217161963,3.0839166076857296,2.349707022928923,2.338542434734755,2.7913567001962893,0.9572519335713022,2.596721880403839,2.332439867618994,0.0,3.0953816264123866
886,887,44.14423375454846,0.9852062226646497,69.16803858268892,5.068905157141243,0.09422588509325149,0.09968324618359478,0,4.742127851128794,4.297611786807505,0.6667688315837141,4.170248695104469,3.0851514577807846,2.350886224761415,2.3385547168892553,2.789841293514812,0.9577482340273845,2.5949989643595672,2.3325354119073443,0.0,3.0953816264123866
887,888,44.125889558173945,0.9851952329845045,61.40087973810538,4.788212368592456,0.09422588509325149,0.09968324618359478,0,4.736443747035862,4.298359458579195,0.6672251304358549,4.172293155532778,3.086381133507808,2.352062027381398,2.3385603803323227,2.788330988421491,0.9582443593830372,2.5932876059894063,2.332629602002531,0.0,3.0953816264123866
888,889,44.223499845252114,0.9851839000378396,65.26727377288002,4.944131502322412,0.09422588509325149,0.09968324618359478,0,4.730841605525193,4.299096311924024,0.6676807458976344,4.174309995712094,3.0876057000827517,2.353234473102755,2.338559537741975,2.786825745881249,0.9587403073433645,2.5915876843705856,2.332722356457338,0.0,3.0953816264123866
889,890,44.513111236505345,0.9851722302150138,57.57954555354367,4.974622575646566,0.09422588509325149,0.09968324618359478,0,4.725320260829093,4.299822502916312,0.6681356871635428,4.176299607261659,3.0888252218002137,2.3544036036404963,2.3385523000844715,2.7853255273638724,0.9592360756544724,2.589899080133538,2.3328135968470565,0.0,3.0953816264123866
890,891,44.904906141547926,0.9851602370267757,68.4984993077108,5.055730681937934,0.09415934165631379,0.10002090276143544,0,4.719857210576436,4.300538167287219,0.6685899620983964,4.178262337765863,3.0900397540907427,2.3555694548509543,2.338605123010469,2.7838304061738937,0.9597316740500522,2.5882218975767275,2.3329037690517564,0.0,3.0953816264123866
891,892,45.43409133282961,0.9851479336939379,70.25574840988217,4.767651169339014,0.09415934165631379,0.10002090276143544,0,4.7144729613213965,4.30124343894104,0.6690435784597887,4.180198530195118,3.0912493516397963,2.356732062106235,2.338650860711509,2.7823404535772704,0.9602271120797474,2.5865562364783146,2.3329933014375186,0.0,3.0953816264123866
892,893,46.024433656029906,0.9851353259838862,75.58700540707125,4.896084296971919,0.09415934165631379,0.10002090276143544,0,4.709166392310244,4.301938467917571,0.6694965450877216,4.182108561002387,3.0924540762787722,2.357891465520411,2.3386896325426507,2.78085562876461,0.9607223872769525,2.5849019730662963,2.3330820941414596,0.0,3.0953816264123866
893,894,46.65598015299579,0.985122419547771,70.00512857220092,4.934134881198564,0.09415934165631379,0.10002090276143544,0,4.703936398741186,4.30262340211889,0.6699488706965288,4.183992801290069,3.0936539889658814,2.3590477046399987,2.3387215560480903,2.7793758914595013,0.961217497218506,2.583258985185115,2.333170050714857,0.0,3.0953816264123866
894,895,47.31421911737586,0.9851092199235464,63.566292794069284,4.939411210559758,0.09415934165631379,0.10002090276143544,0,4.698781891537313,4.3032983873397885,0.6704005638766647,4.185851616886122,3.0948491497985695,2.360200818452032,2.338746746988266,2.7779012019107165,0.9617124395240298,2.5816271522728753,2.3332570780416484,0.0,3.0953816264123866
895,896,47.916688582573876,0.9850957325389155,64.39237112510408,5.023830199996842,0.09415934165631379,0.10002090276143544,0,4.693701797122763,4.303963567297773,0.6708516330964678,4.187685368419116,3.096039618025764,2.3613508453920256,2.338765319366552,2.7764315208845276,0.9622072118552772,2.580006355338895,2.333343086258622,0.0,3.0953816264123866
896,897,48.34153587792934,0.9850819627141805,75.42383154840344,4.957333345103596,0.09415934165631379,0.10002090276143544,0,4.688695057202088,4.304619083662628,0.6713020867038981,4.189494411392204,3.0972254520599463,2.362497823351824,2.338777385455557,2.7749668096571383,0.9627018119154914,2.5783964769415824,2.333427988677275,0.0,3.0953816264123866
897,898,48.560056715772625,0.9850679156650036,66.9883548438476,4.852611860265723,0.09415934165631379,0.10002090276143544,0,4.6837606285427436,4.305265076085571,0.6717519329282513,4.191279096256047,3.098406709489051,2.3636417896873354,2.33878305582303,2.7735070300072295,0.9631962374487733,2.5767974011666337,2.3335117017072977,0.0,3.0953816264123866
898,899,48.65267422066787,0.9850535965050798,63.26367997032023,4.7785590006941545,0.09415934165631379,0.10002090276143544,0,4.678897482760691,4.305901682227984,0.6722011798818471,4.193039768480704,3.0995834470881976,2.364782781226161,2.338782439357376,2.7720521442086143,0.9636904862394587,2.57520901360555,2.333594144781659,0.0,3.0953816264123866
899,900,48.625278057961864,0.9850390102487282,74.24224789727478,4.891866014824208,0.09415934165631379,0.10002090276143544,0,4.67410460610904,4.30652903778974,0.6726498355616944,4.194776768626488,3.100755720831254,2.365920834275111,2.338775643292794,2.7706021150230025,0.9641845561115058,2.5736312013344644,2.3336752402832577,0.0,3.0953816264123866
